# File generated by CMD 3.4 (http://stev.oapd.inaf.it/cmd) on Mon Apr 26 17:36:22 CEST 2021
# isochrones based on PARSEC release v1.2S +  COLIBRI S_37 + S_35 + PR16
# Basic references: Bressan et al. (2012), MNRAS, 427, 127 + Chen et al. (2014, 2015), MNRAS, 444, 2525 + MNRAS, 452, 1068 + Tang et al. (2014), MNRAS, 445, 4287 + Marigo et al. (2017), ApJ, 835, 77 + Pastorelli al. (2019), MNRAS, 485, 5666 + Pastorelli al. (2020), MNRAS, in press
# Thermal pulse cycles included 
# On RGB, assumed Reimers mass loss with efficiency eta=0.2
# LPV periods and growth rates added cf. Trabucchi et al. (2019)
# Photometric system:  2MASS <i>JHK</i><sub>s</sub>
# Using YBC version of bolometric corrections as in Chen et al. (2019)
# O-rich circumstellar dpmod60alox40 dust from Groenewegen (2006)
# C-rich circumstellar AMCSIC15 dust from Groenewegen (2006)
# IMF: Kroupa (2001, 2002) + Kroupa et al. (2013) canonical two-part-power law IMF corrected for unresolved binaries 
# Kind of output: isochrone tables
# Zini     MH   logAge Mini        int_IMF         Mass   logL    logTe  logg  label   McoreTP C_O  period0  period1  period2  period3  period4  pmode  Mloss  tau1m   X   Y   Xc  Xn  Xo  Cexcess  Z 	 mbolmag  Jmag    Hmag    Ksmag
0.00024632 -1.80000 10.11394 0.0900000036 1.0816895962    0.090 -3.195  3.4852  5.480    1  0.000  0.545     0.00     0.00     0.00     0.00     0.00 -1 -4.87e-17      0.00 7.481e-01 2.516e-01 4.823e-05 1.301e-05 1.180e-04 -1.000 2.682e-04 12.757 10.733 10.531 10.471
0.00024632 -1.80000 10.11394 0.0958999395 1.1359148026    0.096 -2.978  3.5170  5.417    1  0.000  0.545     0.00     0.00     0.00     0.00     0.00 -1 -8.36e-17      0.00 7.465e-01 2.532e-01 4.823e-05 1.301e-05 1.180e-04 -1.000 2.681e-04 12.214 10.299 9.951 9.853
0.00024632 -1.80000 10.11394 0.1000000015 1.1711064577    0.100 -2.835  3.5380  5.376    1  0.000  0.545     0.00     0.00     0.00     0.00     0.00 -1 -1.19e-16      0.00 7.454e-01 2.544e-01 4.823e-05 1.301e-05 1.180e-04 -1.000 2.682e-04 11.856 10.014 9.597 9.478
0.00024632 -1.80000 10.11394 0.1199999973 1.3193154335    0.120 -2.542  3.5688  5.286    1  0.000  0.545     0.00     0.00     0.00     0.00     0.00 -1 -2.37e-16      0.00 7.420e-01 2.578e-01 4.823e-05 1.301e-05 1.180e-04 -1.000 2.682e-04 11.124 9.388 8.901 8.755
0.00024632 -1.80000 10.11394 0.1400000006 1.4384527206    0.140 -2.357  3.5837  5.228    1  0.000  0.545     0.00     0.00     0.00     0.00     0.00 -1 -3.59e-16      0.00 7.397e-01 2.601e-01 4.823e-05 1.301e-05 1.180e-04 -1.000 2.682e-04 10.663 8.975 8.467 8.308
0.00024632 -1.80000 10.11394 0.1599999964 1.5372931957    0.160 -2.212  3.5934  5.180    1  0.000  0.545     0.00     0.00     0.00     0.00     0.00 -1 -4.95e-16      0.00 7.383e-01 2.615e-01 4.823e-05 1.301e-05 1.180e-04 -1.000 2.683e-04 10.301 8.644 8.126 7.960
0.00024632 -1.80000 10.11394 0.2000000179 1.6938792467    0.200 -1.992  3.6057  5.105    1  0.000  0.545     0.00     0.00     0.00     0.00     0.00 -1 -8.02e-16      0.00 7.374e-01 2.623e-01 4.823e-05 1.301e-05 1.180e-04 -1.000 2.682e-04 9.749 8.129 7.604 7.434
0.00024632 -1.80000 10.11394 0.2500000298 1.8403259516    0.250 -1.791  3.6167  5.045    1  0.000  0.545     0.00     0.00     0.00     0.00     0.00 -1 -5.23e-16      0.00 7.377e-01 2.621e-01 4.822e-05 1.301e-05 1.180e-04 -1.000 2.681e-04 9.247 7.658 7.132 6.963
0.00024632 -1.80000 10.11394 0.3000000417 1.9529141188    0.300 -1.637  3.6257  5.006    1  0.000  0.545     0.00     0.00     0.00     0.00     0.00 -1 -8.98e-16      0.00 7.377e-01 2.620e-01 4.821e-05 1.301e-05 1.180e-04 -1.000 2.682e-04 8.862 7.298 6.775 6.611
0.00024632 -1.80000 10.11394 0.3500000238 2.0434176922    0.350 -1.510  3.6338  4.980    1  0.000  0.544     0.00     0.00     0.00     0.00     0.00 -1 -9.87e-16      0.00 7.375e-01 2.623e-01 4.818e-05 1.301e-05 1.180e-04 -1.000 2.703e-04 8.546 7.005 6.486 6.329
0.00024632 -1.80000 10.11394 0.4000000358 2.1185026169    0.400 -1.378  3.6436  4.944    1  0.000  0.545     0.00     0.00     0.00     0.00     0.00 -1 -2.81e-15      0.00 7.502e-01 2.495e-01 4.823e-05 1.301e-05 1.180e-04 -1.000 2.683e-04 8.215 6.701 6.190 6.042
0.00024632 -1.80000 10.11394 0.4500000477 2.1822810173    0.450 -1.215  3.6601  4.899    1  0.000  0.545     0.00     0.00     0.00     0.00     0.00 -1 -4.05e-15      0.00 7.506e-01 2.491e-01 4.823e-05 1.301e-05 1.180e-04 -1.000 2.682e-04 7.808 6.342 5.850 5.718
0.00024632 -1.80000 10.11394 0.5000000000 2.2374541759    0.500 -1.033  3.6806  4.844    1  0.000  0.545     0.00     0.00     0.00     0.00     0.00 -1 -6.23e-15      0.00 7.506e-01 2.491e-01 4.823e-05 1.301e-05 1.180e-04 -1.000 2.682e-04 7.353 5.953 5.495 5.380
0.00024632 -1.80000 10.11394 0.5500000715 2.2836585045    0.550 -0.820  3.7027  4.760    1  0.000  0.544     0.00     0.00     0.00     0.00     0.00 -1 -1.07e-14      0.00 7.876e-01 2.123e-01 4.153e-05 1.121e-05 1.017e-04 -1.000 1.765e-04 6.819 5.500 5.084 4.985
0.00024632 -1.80000 10.11394 0.6000000238 2.3211214542    0.600 -0.604  3.7296  4.690    1  0.000  0.543     0.00     0.00     0.00     0.00     0.00 -1 -1.82e-14      0.00 8.006e-01 1.992e-01 3.931e-05 1.062e-05 9.644e-05 -1.000 2.309e-04 6.280 5.071 4.704 4.623
0.00024632 -1.80000 10.11394 0.6057569981 2.3249807358    0.605 -0.578  3.7332  4.683    1  0.000  0.543     0.00     0.00     0.00     0.00     0.00 -1 -1.94e-14      0.00 8.024e-01 1.974e-01 3.901e-05 1.054e-05 9.571e-05 -1.000 2.414e-04 6.215 5.020 4.660 4.581
0.00024632 -1.80000 10.11394 0.6161707640 2.3317515850    0.616 -0.530  3.7395  4.668    1  0.000  0.543     0.00     0.00     0.00     0.00     0.00 -1 -2.19e-14      0.00 8.058e-01 1.940e-01 3.845e-05 1.039e-05 9.436e-05 -1.000 2.426e-04 6.096 4.928 4.578 4.503
0.00024632 -1.80000 10.11394 0.6258440018 2.3378093243    0.625 -0.485  3.7454  4.653    1  0.000  0.543     0.00     0.00     0.00     0.00     0.00 -1  -2.7e-20      0.00 8.091e-01 1.907e-01 3.790e-05 1.024e-05 9.304e-05 -1.000 2.362e-04 5.984 4.842 4.500 4.430
0.00024632 -1.80000 10.11394 0.6348307133 2.3432474136    0.634 -0.443  3.7507  4.639    1  0.000  0.543     0.00     0.00     0.00     0.00     0.00 -1 -4.15e-19      0.00 8.123e-01 1.875e-01 3.737e-05 1.010e-05 9.178e-05 -1.000 2.022e-04 5.878 4.761 4.426 4.360
0.00024632 -1.80000 10.11394 0.6435836554 2.3483762741    0.643 -0.402  3.7559  4.624    1  0.000  0.543     0.00     0.00     0.00     0.00     0.00 -1 -2.85e-16      0.00 8.155e-01 1.843e-01 3.683e-05 9.958e-06 9.050e-05 -1.000 2.017e-04 5.775 4.683 4.355 4.293
0.00024632 -1.80000 10.11394 0.6499999762 2.3520355225    0.650 -0.371  3.7596  4.612    1  0.000  0.542     0.00     0.00     0.00     0.00     0.00 -1 -3.27e-14      0.00 8.180e-01 1.818e-01 3.642e-05 9.850e-06 8.953e-05 -1.000 2.356e-04 5.698 4.624 4.301 4.242
0.00024632 -1.80000 10.11394 0.6532478333 2.3538560867    0.653 -0.356  3.7614  4.606    1  0.000  0.542     0.00     0.00     0.00     0.00     0.00 -1  -3.4e-14      0.00 8.195e-01 1.802e-01 3.617e-05 9.782e-06 8.891e-05 -1.000 2.326e-04 5.659 4.594 4.273 4.216
0.00024632 -1.80000 10.11394 0.6640633345 2.3597717285    0.664 -0.302  3.7672  4.583    1  0.000  0.542     0.00     0.00     0.00     0.00     0.00 -1 -2.49e-14      0.00 8.249e-01 1.749e-01 3.528e-05 9.547e-06 8.678e-05 -1.000 1.927e-04 5.526 4.489 4.175 4.123
0.00024632 -1.80000 10.11394 0.6743763089 2.3652098179    0.674 -0.250  3.7728  4.560    1  0.000  0.542     0.00     0.00     0.00     0.00     0.00 -1 -1.48e-15      0.00 8.304e-01 1.694e-01 3.438e-05 9.306e-06 8.463e-05 -1.000 1.869e-04 5.394 4.385 4.078 4.030
0.00024632 -1.80000 10.11394 0.6839853525 2.3701071739    0.684 -0.199  3.7778  4.535    1  0.000  0.541     0.00     0.00     0.00     0.00     0.00 -1 -5.79e-19      0.00 8.359e-01 1.639e-01 3.348e-05 9.068e-06 8.250e-05 -1.000 2.031e-04 5.268 4.283 3.983 3.939
0.00024632 -1.80000 10.11394 0.6929176450 2.3745198250    0.693 -0.150  3.7825  4.510    1  0.000  0.540     0.00     0.00     0.00     0.00     0.00 -1 -3.07e-16      0.00 8.412e-01 1.586e-01 3.260e-05 8.834e-06 8.040e-05 -1.000 2.206e-04 5.145 4.184 3.890 3.850
0.00024632 -1.80000 10.11394 0.6999999881 2.3779268265    0.700 -0.109  3.7861  4.488    1  0.000  0.540     0.00     0.00     0.00     0.00     0.00 -1 -6.63e-14      0.00 8.457e-01 1.541e-01 3.187e-05 8.639e-06 7.864e-05 -1.000 2.228e-04 5.042 4.101 3.812 3.775
0.00024632 -1.80000 10.11394 0.7028639317 2.3792819977    0.702 -0.092  3.7875  4.479    1  0.000  0.540     0.00     0.00     0.00     0.00     0.00 -1 -6.96e-14      0.00 8.474e-01 1.524e-01 3.157e-05 8.567e-06 7.799e-05 -1.000 2.182e-04 5.000 4.066 3.780 3.743
0.00024632 -1.80000 10.11394 0.7110362649 2.3830804825    0.711 -0.041  3.7914  4.449    1  0.000  0.538     0.00     0.00     0.00     0.00     0.00 -1 -8.04e-14      0.00 8.520e-01 1.478e-01 3.077e-05 8.371e-06 7.628e-05 -1.000 1.607e-04 4.873 3.959 3.679 3.645
0.00024632 -1.80000 10.11394 0.7180556655 2.3862638474    0.718  0.005  3.7947  4.420    1  0.000  0.536     0.00     0.00     0.00     0.00     0.00 -1  -9.2e-14      0.00 8.556e-01 1.442e-01 3.016e-05 8.224e-06 7.500e-05 -1.000 1.598e-04 4.758 3.861 3.586 3.554
0.00024632 -1.80000 10.11394 0.7248563170 2.3892803192    0.724  0.052  3.7978  4.389    1  0.000  0.535     0.00     0.00     0.00     0.00     0.00 -1 -8.45e-15      0.00 8.587e-01 1.410e-01 2.963e-05 8.098e-06 7.389e-05 -1.000 2.035e-04 4.639 3.758 3.489 3.459
0.00024632 -1.80000 10.11394 0.7316578031 2.3922328949    0.731  0.103  3.8008  4.354    1  0.000  0.533     0.00     0.00     0.00     0.00     0.00 -1 -9.66e-20      0.00 8.616e-01 1.382e-01 2.916e-05 7.986e-06 7.291e-05 -1.000 1.990e-04 4.513 3.646 3.383 3.354
0.00024632 -1.80000 10.11394 0.7395171523 2.3955669403    0.739  0.167  3.8039  4.308    1  0.000  0.531     0.00     0.00     0.00     0.00     0.00 -1  -4.9e-17      0.00 8.647e-01 1.351e-01 2.867e-05 7.872e-06 7.193e-05 -1.000 1.781e-04 4.354 3.502 3.245 3.218
0.00024632 -1.80000 10.11394 0.7468633652 2.3986103535    0.746  0.232  3.8064  4.256    1  0.000  0.530     0.00     0.00     0.00     0.00     0.00 -1 -1.66e-14      0.00 8.671e-01 1.327e-01 2.828e-05 7.782e-06 7.116e-05 -1.000 1.455e-04 4.190 3.350 3.098 3.072
0.00024632 -1.80000 10.11394 0.7500000000 2.3998889923    0.749  0.262  3.8072  4.231    1  0.000  0.529     0.00     0.00     0.00     0.00     0.00 -1 -2.02e-13      0.00 8.680e-01 1.318e-01 2.814e-05 7.752e-06 7.091e-05 -1.000 1.455e-04 4.114 3.279 3.029 3.003
0.00024632 -1.80000 10.11394 0.7539198995 2.4014697075    0.753  0.301  3.8083  4.199    1  0.000  0.529     0.00     0.00     0.00     0.00     0.00 -1 -2.28e-13      0.00 8.676e-01 1.323e-01 2.827e-05 7.791e-06 7.127e-05 -1.000 1.470e-04 4.019 3.189 2.941 2.916
0.00024632 -1.80000 10.11394 0.7576661110 2.4029629230    0.757  0.340  3.8089  4.164    1  0.000  0.529     0.00     0.00     0.00     0.00     0.00 -1 -2.61e-13      0.00 8.667e-01 1.331e-01 2.846e-05 7.843e-06 7.174e-05 -1.000 1.490e-04 3.919 3.091 2.845 2.820
0.00024632 -1.80000 10.11394 0.7588654160 2.4034373760    0.758  0.354  3.8088  4.150    1  0.000  0.529     0.00     0.00     0.00     0.00     0.00 -1 -2.74e-13      0.00 8.664e-01 1.334e-01 2.852e-05 7.859e-06 7.190e-05 -1.000 1.495e-04 3.884 3.056 2.810 2.785
0.00024632 -1.80000 10.11394 0.7635134459 2.4052598476    0.762  0.412  3.8074  4.090    1  0.000  0.529     0.00     0.00     0.00     0.00     0.00 -1 -3.32e-13      0.00 8.654e-01 1.345e-01 2.876e-05 7.925e-06 7.250e-05 -1.000 1.518e-04 3.740 2.905 2.657 2.631
0.00024632 -1.80000 10.11394 0.7670333982 2.4066231251    0.766  0.462  3.8046  4.030    1  0.000  0.529     0.00     0.00     0.00     0.00     0.00 -1 -3.99e-13      0.00 8.646e-01 1.352e-01 2.894e-05 7.974e-06 7.295e-05 -1.000 1.534e-04 3.614 2.765 2.512 2.485
0.00024632 -1.80000 10.11394 0.7676323056 2.4068536758    0.766  0.472  3.8039  4.018    1  0.000  0.529     0.00     0.00     0.00     0.00     0.00 -1 -4.15e-13      0.00 8.645e-01 1.354e-01 2.897e-05 7.982e-06 7.302e-05 -1.000 1.537e-04 3.591 2.738 2.483 2.456
0.00024632 -1.80000 10.11394 0.7682555318 2.4070930481    0.767  0.482  3.8028  4.004    1  0.000  0.529     0.00     0.00     0.00     0.00     0.00 -1 -4.32e-13      0.00 8.643e-01 1.355e-01 2.900e-05 7.990e-06 7.310e-05 -1.000 1.539e-04 3.564 2.706 2.449 2.422
0.00024632 -1.80000 10.11394 0.7703514695 2.4078950882    0.769  0.521  3.7980  3.947    2  0.000  0.529     0.00     0.00     0.00     0.00     0.00 -1 -5.02e-13      0.00 8.639e-01 1.360e-01 2.910e-05 8.019e-06 7.337e-05 -1.000 1.549e-04 3.467 2.585 2.319 2.289
0.00024632 -1.80000 10.11394 0.7719553113 2.4085054398    0.771  0.556  3.7921  3.889    2  0.000  0.529     0.00     0.00     0.00     0.00     0.00 -1  -5.8e-13      0.00 8.631e-01 1.367e-01 2.931e-05 8.078e-06 7.390e-05 -1.000 1.556e-04 3.380 2.469 2.192 2.159
0.00024632 -1.80000 10.11394 0.7732115388 2.4089815617    0.772  0.587  3.7851  3.830    2  0.000  0.529     0.00     0.00     0.00     0.00     0.00 -1 -6.67e-13      0.00 8.611e-01 1.387e-01 2.989e-05 8.234e-06 7.532e-05 -1.000 1.781e-04 3.301 2.356 2.066 2.030
0.00024632 -1.80000 10.11394 0.7742243409 2.4093639851    0.773  0.616  3.7777  3.773    2  0.000  0.529     0.00     0.00     0.00     0.00     0.00 -1 -7.61e-13      0.00 8.504e-01 1.494e-01 3.212e-05 8.840e-06 8.081e-05 -1.000 1.963e-04 3.230 2.249 1.945 1.905
0.00024632 -1.80000 10.11394 0.7750740647 2.4096839428    0.774  0.643  3.7703  3.717    2  0.000  0.531     0.00     0.00     0.00     0.00     0.00 -1 -8.62e-13      0.00 8.301e-01 1.697e-01 3.556e-05 9.773e-06 8.920e-05 -1.000 2.018e-04 3.164 2.147 1.831 1.785
0.00024632 -1.80000 10.11394 0.7758237123 2.4099657536    0.774  0.670  3.7630  3.661    2  0.000  0.533     0.00     0.00     0.00     0.00     0.00 -1 -6.15e-14      0.00 8.061e-01 1.937e-01 3.906e-05 1.071e-05 9.757e-05 -1.000 2.023e-04 3.096 2.046 1.716 1.667
0.00024632 -1.80000 10.11394 0.7764886618 2.4102149010    0.775  0.700  3.7565  3.605    2  0.000  0.535     0.00     0.00     0.00     0.00     0.00 -1 -1.46e-14      0.00 7.906e-01 2.092e-01 4.133e-05 1.132e-05 1.030e-04 -1.000 1.949e-04 3.020 1.941 1.600 1.546
0.00024632 -1.80000 10.11394 0.7771472335 2.4104614258    0.775  0.739  3.7505  3.543    2  0.000  0.536     0.00     0.00     0.00     0.00     0.00 -1 -1.91e-14      0.00 7.808e-01 2.189e-01 4.279e-05 1.171e-05 1.065e-04 -1.000 2.448e-04 2.923 1.817 1.466 1.408
0.00024632 -1.80000 10.11394 0.7776670456 2.4106554985    0.776  0.777  3.7466  3.489    2  0.000  0.536     0.00     0.00     0.00     0.00     0.00 -1 -2.41e-14      0.00 7.758e-01 2.239e-01 4.354e-05 1.191e-05 1.083e-04 -1.000 2.553e-04 2.828 1.704 1.346 1.285
0.00024632 -1.80000 10.11394 0.7780223489 2.4107880592    0.776  0.806  3.7442  3.450    2  0.000  0.536     0.00     0.00     0.00     0.00     0.00 -1 -2.85e-14      0.00 7.732e-01 2.266e-01 4.394e-05 1.201e-05 1.092e-04 -1.000 2.455e-04 2.754 1.620 1.258 1.195
0.00024632 -1.80000 10.11394 0.7781844139 2.4108486176    0.776  0.821  3.7432  3.432    3  0.000  0.536     0.00     0.00     0.00     0.00     0.00 -1  -3.1e-14      0.00 7.722e-01 2.276e-01 4.408e-05 1.205e-05 1.096e-04 -1.000 2.090e-04 2.717 1.579 1.215 1.152
0.00024632 -1.80000 10.11394 0.7786194086 2.4110105038    0.777  0.863  3.7410  3.382    3  0.000  0.537     0.00     0.00     0.00     0.00     0.00 -1 -3.85e-14      0.00 7.697e-01 2.300e-01 4.441e-05 1.214e-05 1.104e-04 -1.000 2.658e-04 2.613 1.465 1.097 1.032
0.00024632 -1.80000 10.11394 0.7790952325 2.4111874104    0.777  0.912  3.7388  3.323    3  0.000  0.537     0.00     0.00     0.00     0.00     0.00 -1 -4.96e-14      0.00 7.674e-01 2.324e-01 4.470e-05 1.222e-05 1.111e-04 -1.000 2.574e-04 2.489 1.331 0.958 0.892
0.00024632 -1.80000 10.11394 0.7794994116 2.4113376141    0.778  0.957  3.7372  3.272    3  0.000  0.537     0.00     0.00     0.00     0.00     0.00 -1 -6.22e-14      0.00 7.656e-01 2.342e-01 4.491e-05 1.227e-05 1.116e-04 -1.000 2.561e-04 2.377 1.212 0.835 0.768
0.00024632 -1.80000 10.11394 0.7798857093 2.4114809036    0.778  1.003  3.7356  3.220    3  0.000  0.537     0.00     0.00     0.00     0.00     0.00 -1 -7.78e-14      0.00 7.639e-01 2.358e-01 4.508e-05 1.232e-05 1.120e-04 -1.000 2.664e-04 2.262 1.090 0.709 0.642
0.00024632 -1.80000 10.11394 0.7802782655 2.4116263390    0.778  1.053  3.7339  3.164    3  0.000  0.537     0.00     0.00     0.00     0.00     0.00 -1 -9.88e-14      0.00 7.622e-01 2.375e-01 4.523e-05 1.236e-05 1.123e-04 -1.000 2.663e-04 2.138 0.958 0.573 0.505
0.00024632 -1.80000 10.11394 0.7806390524 2.4117600918    0.778  1.103  3.7325  3.108    3  0.000  0.537     0.00     0.00     0.00     0.00     0.00 -1 -1.25e-13      0.00 7.608e-01 2.389e-01 4.533e-05 1.240e-05 1.126e-04 -1.000 2.610e-04 2.014 0.828 0.439 0.370
0.00024632 -1.80000 10.11394 0.7809630632 2.4118797779    0.779  1.151  3.7310  3.054    3  0.000  0.536     0.00     0.00     0.00     0.00     0.00 -1 -1.56e-13      0.00 7.595e-01 2.403e-01 4.540e-05 1.243e-05 1.129e-04 -1.000 2.553e-04 1.893 0.701 0.308 0.239
0.00024632 -1.80000 10.11394 0.7812464237 2.4119844437    0.779  1.197  3.7296  3.003    3  0.000  0.536     0.00     0.00     0.00     0.00     0.00 -1 -1.91e-13      0.00 7.584e-01 2.414e-01 4.544e-05 1.246e-05 1.130e-04 -1.000 2.559e-04 1.778 0.580 0.183 0.114
0.00024632 -1.80000 10.11394 0.7815224528 2.4120864868    0.779  1.246  3.7282  2.949    3  0.000  0.536     0.00     0.00     0.00     0.00     0.00 -1 -2.37e-13      0.00 7.572e-01 2.425e-01 4.545e-05 1.249e-05 1.132e-04 -1.000 2.678e-04 1.656 0.452 0.052 -0.019
0.00024632 -1.80000 10.11394 0.7817873359 2.4121842384    0.779  1.297  3.7266  2.891    3  0.000  0.535     0.00     0.00     0.00     0.00     0.00 -1 -2.95e-13      0.00 7.563e-01 2.434e-01 4.542e-05 1.253e-05 1.133e-04 -1.000 2.618e-04 1.528 0.318 -0.086 -0.157
0.00024632 -1.80000 10.11394 0.7820094824 2.4122660160    0.779  1.344  3.7251  2.839    3  0.000  0.534     0.00     0.00     0.00     0.00     0.00 -1  -3.6e-13      0.00 7.556e-01 2.442e-01 4.538e-05 1.258e-05 1.134e-04 -1.000 2.376e-04 1.411 0.194 -0.214 -0.285
0.00024632 -1.80000 10.11394 0.7822120786 2.4123406410    0.779  1.390  3.7237  2.786    3  0.000  0.533     0.00     0.00     0.00     0.00     0.00 -1 -4.38e-13      0.00 7.549e-01 2.448e-01 4.532e-05 1.263e-05 1.135e-04 -1.000 2.536e-04 1.294 0.071 -0.340 -0.412
0.00024632 -1.80000 10.11394 0.7824026942 2.4124109745    0.779  1.438  3.7222  2.732    3  0.000  0.532     0.00     0.00     0.00     0.00     0.00 -1 -5.33e-13      0.00 7.544e-01 2.453e-01 4.526e-05 1.269e-05 1.136e-04 -1.000 2.682e-04 1.174 -0.055 -0.470 -0.543
0.00024632 -1.80000 10.11394 0.7825711966 2.4124729633    0.779  1.485  3.7206  2.679    3  0.000  0.531     0.00     0.00     0.00     0.00     0.00 -1 -6.44e-13      0.00 7.540e-01 2.457e-01 4.521e-05 1.275e-05 1.136e-04 -1.000 2.682e-04 1.058 -0.178 -0.597 -0.670
0.00024632 -1.80000 10.11394 0.7827314734 2.4125318527    0.779  1.534  3.7189  2.624    3  0.000  0.531     0.00     0.00     0.00     0.00     0.00 -1 -7.82e-13      0.00 7.537e-01 2.460e-01 4.516e-05 1.279e-05 1.136e-04 -1.000 2.682e-04 0.936 -0.306 -0.730 -0.803
0.00024632 -1.80000 10.11394 0.7828727365 2.4125838280    0.779  1.580  3.7173  2.571    3  0.000  0.530     0.00     0.00     0.00     0.00     0.00 -1 -9.41e-13      0.00 7.536e-01 2.461e-01 4.514e-05 1.281e-05 1.137e-04 -1.000 2.678e-04 0.819 -0.430 -0.857 -0.932
0.00024632 -1.80000 10.11394 0.7829985023 2.4126300812    0.779  1.626  3.7157  2.519    3  0.000  0.530     0.00     0.00     0.00     0.00     0.00 -1 -1.12e-12      0.00 7.535e-01 2.462e-01 4.512e-05 1.283e-05 1.137e-04 -1.000 2.650e-04 0.705 -0.550 -0.982 -1.057
0.00024632 -1.80000 10.11394 0.7831183076 2.4126739502    0.779  1.673  3.7140  2.464    3  0.000  0.530     0.00     0.00     0.00     0.00     0.00 -1 -1.35e-12      0.00 7.535e-01 2.463e-01 4.512e-05 1.284e-05 1.137e-04 -1.000 2.607e-04 0.587 -0.675 -1.112 -1.187
0.00024632 -1.80000 10.11394 0.7832268476 2.4127137661    0.779  1.720  3.7123  2.411    3  0.000  0.530     0.00     0.00     0.00     0.00     0.00 -1 -1.61e-12      0.00 7.535e-01 2.463e-01 4.512e-05 1.284e-05 1.137e-04 -1.000 2.608e-04 0.470 -0.800 -1.240 -1.316
0.00024632 -1.80000 10.11394 0.7833223343 2.4127488136    0.779  1.765  3.7106  2.359    3  0.000  0.530     0.00     0.00     0.00     0.00     0.00 -1 -1.91e-12      0.00 7.535e-01 2.463e-01 4.512e-05 1.284e-05 1.137e-04 -1.000 2.607e-04 0.357 -0.920 -1.364 -1.440
0.00024632 -1.80000 10.11394 0.7834100723 2.4127810001    0.779  1.810  3.7088  2.307    3  0.000  0.530     0.00     0.00     0.00     0.00     0.00 -1 -8.49e-16      0.00 7.534e-01 2.463e-01 4.512e-05 1.284e-05 1.137e-04 -1.000 2.608e-04 0.245 -1.039 -1.487 -1.565
0.00024632 -1.80000 10.11394 0.7834950089 2.4128122330    0.778  1.857  3.7070  2.252    3  0.000  0.530     0.00     0.00     0.00     0.00     0.00 -1 -2.97e-17      0.00 7.534e-01 2.463e-01 4.512e-05 1.284e-05 1.137e-04 -1.000 2.608e-04 0.127 -1.164 -1.617 -1.695
0.00024632 -1.80000 10.11394 0.7835693359 2.4128396511    0.778  1.902  3.7052  2.200    3  0.000  0.530     0.00     0.00     0.00     0.00     0.00 -1 -3.55e-17      0.00 7.534e-01 2.463e-01 4.512e-05 1.284e-05 1.137e-04 -1.000 2.609e-04 0.015 -1.284 -1.741 -1.820
0.00024632 -1.80000 10.11394 0.7836377621 2.4128646851    0.778  1.947  3.7034  2.148    3  0.000  0.530     0.00     0.00     0.00     0.00     0.00 -1 -4.21e-17      0.00 7.534e-01 2.463e-01 4.512e-05 1.284e-05 1.137e-04 -1.000 2.609e-04 -0.097 -1.403 -1.865 -1.945
0.00024632 -1.80000 10.11394 0.7837024927 2.4128882885    0.778  1.993  3.7016  2.095    3  0.000  0.530     0.00     0.00     0.00     0.00     0.00 -1 -4.99e-17      0.00 7.534e-01 2.463e-01 4.512e-05 1.284e-05 1.137e-04 -1.000 2.609e-04 -0.211 -1.526 -1.992 -2.073
0.00024632 -1.80000 10.11394 0.7837594748 2.4129092693    0.778  2.036  3.6997  2.044    3  0.000  0.530     0.00     0.00     0.00     0.00     0.00 -1 -5.84e-17      0.00 7.534e-01 2.463e-01 4.512e-05 1.284e-05 1.137e-04 -1.000 2.609e-04 -0.319 -1.641 -2.112 -2.194
0.00024632 -1.80000 10.11394 0.7838143706 2.4129292965    0.777  2.079  3.6979  1.993    3  0.000  0.530     0.00     0.00     0.00     0.00     0.00 -1 -6.83e-17      0.00 7.534e-01 2.463e-01 4.512e-05 1.284e-05 1.137e-04 -1.000 2.609e-04 -0.427 -1.757 -2.233 -2.315
0.00024632 -1.80000 10.11394 0.7838713527 2.4129502773    0.777  2.122  3.6961  1.943    3  0.000  0.530     0.00     0.00     0.00     0.00     0.00 -1    -8e-17      0.00 7.534e-01 2.463e-01 4.512e-05 1.284e-05 1.137e-04 -1.000 2.609e-04 -0.535 -1.872 -2.353 -2.436
0.00024632 -1.80000 10.11394 0.7839223146 2.4129688740    0.777  2.147  3.6951  1.914    3  0.000  0.530     0.00     0.00     0.00     0.00     0.00 -1 -8.93e-17      0.00 7.534e-01 2.463e-01 4.511e-05 1.284e-05 1.137e-04 -1.000 2.610e-04 -0.597 -1.938 -2.422 -2.505
0.00024632 -1.80000 10.11394 0.7839538455 2.4129805565    0.776  2.138  3.6957  1.925    3  0.000  0.530     0.00     0.00     0.00     0.00     0.00 -1    -9e-17      0.00 7.534e-01 2.463e-01 4.511e-05 1.285e-05 1.137e-04 -1.000 2.610e-04 -0.575 -1.914 -2.396 -2.479
0.00024632 -1.80000 10.11394 0.7839612365 2.4129831791    0.776  2.145  3.6954  1.916    3  0.000  0.530     0.00     0.00     0.00     0.00     0.00 -1 -9.24e-17      0.00 7.534e-01 2.463e-01 4.511e-05 1.285e-05 1.137e-04 -1.000 2.610e-04 -0.594 -1.934 -2.417 -2.500
0.00024632 -1.80000 10.11394 0.7839992046 2.4129970074    0.776  2.188  3.6934  1.866    3  0.000  0.530     0.00     0.00     0.00     0.00     0.00 -1 -1.06e-16      0.00 7.534e-01 2.463e-01 4.511e-05 1.285e-05 1.137e-04 -1.000 2.610e-04 -0.700 -2.049 -2.537 -2.621
0.00024632 -1.80000 10.11394 0.7840343118 2.4130098820    0.776  2.230  3.6916  1.816    3  0.000  0.530     0.00     0.00     0.00     0.00     0.00 -1 -1.21e-16      0.00 7.534e-01 2.463e-01 4.511e-05 1.285e-05 1.137e-04 -1.000 2.611e-04 -0.804 -2.160 -2.653 -2.738
0.00024632 -1.80000 10.11394 0.7840680480 2.4130222797    0.775  2.272  3.6896  1.766    3  0.000  0.530     0.00     0.00     0.00     0.00     0.00 -1 -1.39e-16      0.00 7.534e-01 2.463e-01 4.511e-05 1.285e-05 1.137e-04 -1.000 2.611e-04 -0.910 -2.275 -2.774 -2.860
0.00024632 -1.80000 10.11394 0.7840965390 2.4130327702    0.775  2.311  3.6877  1.719    3  0.000  0.530     0.00     0.00     0.00     0.00     0.00 -1 -1.58e-16      0.00 7.534e-01 2.464e-01 4.511e-05 1.285e-05 1.137e-04 -1.000 2.611e-04 -1.007 -2.379 -2.883 -2.970
0.00024632 -1.80000 10.11394 0.7841239572 2.4130427837    0.774  2.350  3.6858  1.672    3  0.000  0.530     0.00     0.00     0.00     0.00     0.00 -1 -1.79e-16      0.00 7.534e-01 2.464e-01 4.511e-05 1.285e-05 1.137e-04 -1.000 2.611e-04 -1.106 -2.485 -2.996 -3.083
0.00024632 -1.80000 10.11394 0.7841483951 2.4130518436    0.774  2.388  3.6839  1.626    3  0.000  0.530     0.00     0.00     0.00     0.00     0.00 -1 -2.02e-16      0.00 7.534e-01 2.464e-01 4.511e-05 1.285e-05 1.137e-04 -1.000 2.611e-04 -1.200 -2.592 -3.108 -3.192
0.00024632 -1.80000 10.11394 0.7841712236 2.4130601883    0.774  2.426  3.6821  1.581    3  0.000  0.530     0.00     0.00     0.00     0.00     0.00 -1 -2.27e-16      0.00 7.534e-01 2.464e-01 4.511e-05 1.285e-05 1.137e-04 -1.000 2.611e-04 -1.295 -2.696 -3.217 -3.301
0.00024632 -1.80000 10.11394 0.7841926217 2.4130680561    0.773  2.464  3.6802  1.535    3  0.000  0.530     0.00     0.00     0.00     0.00     0.00 -1 -2.55e-16      0.00 7.534e-01 2.464e-01 4.511e-05 1.285e-05 1.137e-04 -1.000 2.612e-04 -1.389 -2.801 -3.327 -3.410
0.00024632 -1.80000 10.11394 0.7842162251 2.4130766392    0.772  2.509  3.6779  1.481    3  0.000  0.530     0.00     0.00     0.00     0.00     0.00 -1 -2.93e-16      0.00 7.534e-01 2.464e-01 4.511e-05 1.285e-05 1.137e-04 -1.000 2.612e-04 -1.501 -2.919 -3.452 -3.539
0.00024632 -1.80000 10.11394 0.7842341065 2.4130830765    0.772  2.545  3.6760  1.437    3  0.000  0.530     0.00     0.00     0.00     0.00     0.00 -1 -3.26e-16      0.00 7.534e-01 2.464e-01 4.511e-05 1.285e-05 1.137e-04 -1.000 2.612e-04 -1.592 -3.018 -3.556 -3.643
0.00024632 -1.80000 10.11394 0.7842538357 2.4130904675    0.771  2.588  3.6737  1.384    3  0.000  0.530     0.00     0.00     0.00     0.00     0.00 -1 -3.71e-16      0.00 7.534e-01 2.464e-01 4.511e-05 1.285e-05 1.137e-04 -1.000 2.612e-04 -1.699 -3.137 -3.681 -3.767
0.00024632 -1.80000 10.11394 0.7842721343 2.4130971432    0.770  2.630  3.6714  1.332    3  0.000  0.530     0.00     0.00     0.00     0.00     0.00 -1 -4.22e-16      0.00 7.534e-01 2.464e-01 4.511e-05 1.285e-05 1.137e-04 -1.000 2.612e-04 -1.806 -3.255 -3.805 -3.891
0.00024632 -1.80000 10.11394 0.7842895985 2.4131035805    0.769  2.674  3.6690  1.278    3  0.000  0.530     0.00     0.00     0.00     0.00     0.00 -1  -4.8e-16      0.00 7.534e-01 2.464e-01 4.511e-05 1.285e-05 1.137e-04 -1.000 2.612e-04 -1.916 -3.377 -3.933 -4.019
0.00024632 -1.80000 10.11394 0.7843040824 2.4131088257    0.768  2.713  3.6668  1.229    3  0.000  0.530     0.00     0.00     0.00     0.00     0.00 -1 -5.39e-16      0.00 7.534e-01 2.464e-01 4.511e-05 1.285e-05 1.137e-04 -1.000 2.612e-04 -2.014 -3.485 -4.047 -4.134
0.00024632 -1.80000 10.11394 0.7843185663 2.4131140709    0.767  2.755  3.6644  1.177    3  0.000  0.530     0.00     0.00     0.00     0.00     0.00 -1 -6.09e-16      0.00 7.534e-01 2.464e-01 4.511e-05 1.285e-05 1.137e-04 -1.000 2.612e-04 -2.118 -3.601 -4.169 -4.256
0.00024632 -1.80000 10.11394 0.7843313217 2.4131188393    0.766  2.795  3.6621  1.128    3  0.000  0.530     0.00     0.00     0.00     0.00     0.00 -1 -6.83e-16      0.00 7.534e-01 2.464e-01 4.511e-05 1.285e-05 1.137e-04 -1.000 2.612e-04 -2.217 -3.711 -4.285 -4.372
0.00024632 -1.80000 10.11394 0.7843431234 2.4131231308    0.765  2.834  3.6598  1.079    3  0.000  0.530     0.00     0.00     0.00     0.00     0.00 -1 -7.64e-16      0.00 7.534e-01 2.464e-01 4.511e-05 1.285e-05 1.137e-04 -1.000 2.612e-04 -2.314 -3.820 -4.400 -4.487
0.00024632 -1.80000 10.11394 0.7843541503 2.4131271839    0.764  2.872  3.6575  1.030    3  0.000  0.530     0.00     0.00     0.00     0.00     0.00 -1 -8.54e-16      0.00 7.534e-01 2.464e-01 4.511e-05 1.285e-05 1.137e-04 -1.000 2.613e-04 -2.411 -3.928 -4.514 -4.601
0.00024632 -1.80000 10.11394 0.7843639255 2.4131307602    0.762  2.909  3.6553  0.984    3  0.000  0.530     0.00     0.00     0.00     0.00     0.00 -1 -9.47e-16      0.00 7.534e-01 2.464e-01 4.511e-05 1.285e-05 1.137e-04 -1.000 2.613e-04 -2.503 -4.027 -4.621 -4.709
0.00024632 -1.80000 10.11394 0.7843734026 2.4131340981    0.761  2.947  3.6530  0.937    3  0.000  0.530     0.00     0.00     0.00     0.00     0.00 -1 -1.06e-15      0.00 7.534e-01 2.464e-01 4.511e-05 1.285e-05 1.137e-04 -1.000 2.613e-04 -2.597 -4.131 -4.731 -4.821
0.00024632 -1.80000 10.11394 0.7843817472 2.4131371975    0.759  2.982  3.6508  0.892    3  0.000  0.530     0.00     0.00     0.00     0.00     0.00 -1 -1.17e-15      0.00 7.534e-01 2.464e-01 4.511e-05 1.285e-05 1.137e-04 -1.000 2.612e-04 -2.685 -4.228 -4.834 -4.925
0.00024632 -1.80000 10.11394 0.7843894958 2.4131400585    0.758  3.017  3.6487  0.848    3  0.000  0.530     0.00     0.00     0.00     0.00     0.00 -1 -1.29e-15      0.00 7.534e-01 2.464e-01 4.511e-05 1.285e-05 1.137e-04 -1.000 2.612e-04 -2.772 -4.322 -4.935 -5.028
0.00024632 -1.80000 10.11394 0.7843972445 2.4131429195    0.756  3.053  3.6463  0.801    3  0.000  0.530     0.00     0.00     0.00     0.00     0.00 -1 -1.43e-15      0.00 7.534e-01 2.464e-01 4.511e-05 1.285e-05 1.137e-04 -1.000 2.612e-04 -2.863 -4.422 -5.041 -5.136
0.00024632 -1.80000 10.11394 0.7844037414 2.4131453037    0.754  3.085  3.6442  0.759    3  0.000  0.530     0.00     0.00     0.00     0.00     0.00 -1 -1.56e-15      0.00 7.534e-01 2.464e-01 4.511e-05 1.285e-05 1.137e-04 -1.000 2.612e-04 -2.943 -4.509 -5.135 -5.231
0.00024632 -1.80000 10.11394 0.7844104171 2.4131476879    0.752  3.120  3.6421  0.715    3  0.000  0.530     0.00     0.00     0.00     0.00     0.00 -1 -1.72e-15      0.00 7.534e-01 2.464e-01 4.511e-05 1.285e-05 1.137e-04 -1.000 2.612e-04 -3.030 -4.604 -5.237 -5.334
0.00024632 -1.80000 10.11394 0.7844164371 2.4131498337    0.750  3.153  3.6399  0.672    3  0.000  0.530     0.00     0.00     0.00     0.00     0.00 -1 -1.89e-15      0.00 7.534e-01 2.464e-01 4.511e-05 1.285e-05 1.137e-04 -1.000 2.613e-04 -3.113 -4.695 -5.334 -5.433
0.00024632 -1.80000 10.11394 0.7844220996 2.4131519794    0.748  3.185  3.6378  0.630    3  0.000  0.530     0.00     0.00     0.00     0.00     0.00 -1 -2.07e-15      0.00 7.534e-01 2.464e-01 4.511e-05 1.285e-05 1.137e-04 -1.000 2.612e-04 -3.193 -4.782 -5.429 -5.530
0.00024632 -1.80000 10.11394 0.7844275236 2.4131538868    0.746  3.218  3.6357  0.587    3  0.000  0.530     0.00     0.00     0.00     0.00     0.00 -1 -2.27e-15      0.00 7.534e-01 2.464e-01 4.511e-05 1.285e-05 1.137e-04 -1.000 2.612e-04 -3.275 -4.870 -5.524 -5.626
0.00024632 -1.80000 10.11394 0.7844325304 2.4131557941    0.743  3.249  3.6337  0.547    3  0.000  0.530     0.00     0.00     0.00     0.00     0.00 -1 -2.48e-15      0.00 7.534e-01 2.464e-01 4.511e-05 1.285e-05 1.137e-04 -1.000 2.612e-04 -3.351 -4.954 -5.614 -5.718
0.00024632 -1.80000 10.11394 0.7844380736 2.4131577015    0.740  3.281  3.6316  0.505    3  0.000  0.530     0.00     0.00     0.00     0.00     0.00 -1 -2.73e-15      0.00 7.534e-01 2.464e-01 4.511e-05 1.285e-05 1.137e-04 -1.000 2.613e-04 -3.433 -5.042 -5.709 -5.815
0.00024632 -1.80000 10.11394 0.7844380736 2.4131577015    0.720  1.672  3.8805  3.097    4  0.000  0.529     0.00     0.00     0.00     0.00     0.00 -1    -1e-30      0.00 7.513e-01 2.484e-01 4.560e-05 1.308e-05 1.151e-04 -1.000 2.681e-04 0.589 0.120 0.050 0.028
0.00024632 -1.80000 10.11394 0.7844413519 2.4131588936    0.720  1.685  3.8744  3.060    4  0.000  0.529     0.00     0.00     0.00     0.00     0.00 -1    -1e-30      0.00 7.513e-01 2.484e-01 4.560e-05 1.308e-05 1.151e-04 -1.000 2.681e-04 0.557 0.053 -0.027 -0.050
0.00024632 -1.80000 10.11394 0.7844957113 2.4131789207    0.721  1.694  3.8707  3.036    4  0.000  0.529     0.00     0.00     0.00     0.00     0.00 -1    -1e-30      0.00 7.513e-01 2.484e-01 4.560e-05 1.308e-05 1.151e-04 -1.000 2.682e-04 0.535 0.010 -0.077 -0.100
0.00024632 -1.80000 10.11394 0.7845506668 2.4131989479    0.721  1.694  3.8716  3.040    4  0.000  0.529     0.00     0.00     0.00     0.00     0.00 -1    -1e-30      0.00 7.513e-01 2.484e-01 4.560e-05 1.308e-05 1.151e-04 -1.000 2.681e-04 0.535 0.015 -0.070 -0.094
0.00024632 -1.80000 10.11394 0.7846068144 2.4132194519    0.721  1.694  3.8726  3.044    4  0.000  0.529     0.00     0.00     0.00     0.00     0.00 -1    -1e-30      0.00 7.513e-01 2.484e-01 4.560e-05 1.308e-05 1.151e-04 -1.000 2.681e-04 0.535 0.021 -0.062 -0.086
0.00024632 -1.80000 10.11394 0.7846624851 2.4132399559    0.721  1.694  3.8738  3.049    4  0.000  0.529     0.00     0.00     0.00     0.00     0.00 -1    -1e-30      0.00 7.513e-01 2.484e-01 4.560e-05 1.308e-05 1.151e-04 -1.000 2.681e-04 0.536 0.029 -0.053 -0.076
0.00024632 -1.80000 10.11394 0.7847148180 2.4132590294    0.721  1.693  3.8749  3.054    4  0.000  0.529     0.00     0.00     0.00     0.00     0.00 -1    -1e-30      0.00 7.513e-01 2.484e-01 4.560e-05 1.308e-05 1.151e-04 -1.000 2.682e-04 0.536 0.036 -0.044 -0.067
0.00024632 -1.80000 10.11394 0.7847663164 2.4132778645    0.721  1.693  3.8760  3.059    4  0.000  0.529     0.00     0.00     0.00     0.00     0.00 -1    -1e-30      0.00 7.513e-01 2.484e-01 4.560e-05 1.308e-05 1.151e-04 -1.000 2.681e-04 0.537 0.043 -0.035 -0.057
0.00024632 -1.80000 10.11394 0.7848183513 2.4132969379    0.721  1.693  3.8771  3.063    4  0.000  0.529     0.00     0.00     0.00     0.00     0.00 -1    -1e-30      0.00 7.513e-01 2.484e-01 4.560e-05 1.308e-05 1.151e-04 -1.000 2.681e-04 0.538 0.050 -0.026 -0.049
0.00024632 -1.80000 10.11394 0.7848727703 2.4133167267    0.721  1.692  3.8781  3.068    4  0.000  0.529     0.00     0.00     0.00     0.00     0.00 -1    -1e-30      0.00 7.513e-01 2.484e-01 4.560e-05 1.308e-05 1.151e-04 -1.000 2.682e-04 0.539 0.056 -0.018 -0.041
0.00024632 -1.80000 10.11394 0.7849264741 2.4133362770    0.721  1.692  3.8787  3.070    4  0.000  0.529     0.00     0.00     0.00     0.00     0.00 -1    -1e-30      0.00 7.513e-01 2.484e-01 4.560e-05 1.308e-05 1.151e-04 -1.000 2.681e-04 0.539 0.060 -0.013 -0.036
0.00024632 -1.80000 10.11394 0.7849817276 2.4133565426    0.721  1.693  3.8789  3.071    4  0.000  0.529     0.00     0.00     0.00     0.00     0.00 -1    -1e-30      0.00 7.513e-01 2.484e-01 4.560e-05 1.308e-05 1.151e-04 -1.000 2.681e-04 0.538 0.061 -0.012 -0.034
0.00024632 -1.80000 10.11394 0.7850365043 2.4133765697    0.721  1.693  3.8788  3.070    4  0.000  0.529     0.00     0.00     0.00     0.00     0.00 -1    -1e-30      0.00 7.513e-01 2.484e-01 4.560e-05 1.308e-05 1.151e-04 -1.000 2.682e-04 0.537 0.059 -0.014 -0.036
0.00024632 -1.80000 10.11394 0.7850906849 2.4133963585    0.721  1.694  3.8781  3.067    4  0.000  0.529     0.00     0.00     0.00     0.00     0.00 -1    -1e-30      0.00 7.513e-01 2.484e-01 4.560e-05 1.308e-05 1.151e-04 -1.000 2.681e-04 0.536 0.053 -0.021 -0.043
0.00024632 -1.80000 10.11394 0.7851430774 2.4134154320    0.721  1.695  3.8767  3.060    4  0.000  0.529     0.00     0.00     0.00     0.00     0.00 -1    -1e-30      0.00 7.513e-01 2.484e-01 4.560e-05 1.308e-05 1.151e-04 -1.000 2.681e-04 0.533 0.043 -0.034 -0.056
0.00024632 -1.80000 10.11394 0.7851659656 2.4134237766    0.721  1.695  3.8761  3.057    4  0.000  0.529     0.00     0.00     0.00     0.00     0.00 -1    -1e-30      0.00 7.513e-01 2.484e-01 4.560e-05 1.308e-05 1.151e-04 -1.000 2.681e-04 0.532 0.038 -0.039 -0.062
0.00024632 -1.80000 10.11394 0.7851951122 2.4134345055    0.721  1.696  3.8749  3.051    4  0.000  0.529     0.00     0.00     0.00     0.00     0.00 -1    -1e-30      0.00 7.513e-01 2.484e-01 4.560e-05 1.308e-05 1.151e-04 -1.000 2.681e-04 0.530 0.029 -0.051 -0.074
0.00024632 -1.80000 10.11394 0.7852466702 2.4134533405    0.721  1.698  3.8724  3.040    4  0.000  0.529     0.00     0.00     0.00     0.00     0.00 -1    -1e-30      0.00 7.513e-01 2.484e-01 4.560e-05 1.308e-05 1.151e-04 -1.000 2.681e-04 0.525 0.010 -0.074 -0.097
0.00024632 -1.80000 10.11394 0.7852992415 2.4134724140    0.721  1.700  3.8692  3.025    4  0.000  0.529     0.00     0.00     0.00     0.00     0.00 -1    -1e-30      0.00 7.513e-01 2.484e-01 4.560e-05 1.308e-05 1.151e-04 -1.000 2.681e-04 0.520 -0.013 -0.103 -0.127
0.00024632 -1.80000 10.11394 0.7853537202 2.4134924412    0.721  1.703  3.8652  3.006    4  0.000  0.529     0.00     0.00     0.00     0.00     0.00 -1    -1e-30      0.00 7.513e-01 2.484e-01 4.560e-05 1.308e-05 1.151e-04 -1.000 2.681e-04 0.513 -0.042 -0.139 -0.163
0.00024632 -1.80000 10.11394 0.7854099274 2.4135129452    0.722  1.706  3.8604  2.984    4  0.000  0.529     0.00     0.00     0.00     0.00     0.00 -1    -1e-30      0.00 7.513e-01 2.484e-01 4.560e-05 1.308e-05 1.151e-04 -1.000 2.681e-04 0.505 -0.076 -0.183 -0.207
0.00024632 -1.80000 10.11394 0.7854636312 2.4135324955    0.722  1.709  3.8551  2.959    4  0.000  0.529     0.00     0.00     0.00     0.00     0.00 -1    -1e-30      0.00 7.513e-01 2.484e-01 4.560e-05 1.308e-05 1.151e-04 -1.000 2.682e-04 0.496 -0.113 -0.231 -0.256
0.00024632 -1.80000 10.11394 0.7855178118 2.4135522842    0.722  1.713  3.8491  2.931    4  0.000  0.529     0.00     0.00     0.00     0.00     0.00 -1    -1e-30      0.00 7.513e-01 2.484e-01 4.560e-05 1.308e-05 1.151e-04 -1.000 2.681e-04 0.486 -0.155 -0.285 -0.311
0.00024632 -1.80000 10.11394 0.7855485082 2.4135634899    0.722  1.716  3.8455  2.914    4  0.000  0.529     0.00     0.00     0.00     0.00     0.00 -1    -1e-30      0.00 7.513e-01 2.484e-01 4.560e-05 1.308e-05 1.151e-04 -1.000 2.681e-04 0.480 -0.180 -0.318 -0.344
0.00024632 -1.80000 10.11394 0.7856004834 2.4135823250    0.722  1.720  3.8391  2.884    4  0.000  0.529     0.00     0.00     0.00     0.00     0.00 -1    -1e-30      0.00 7.513e-01 2.484e-01 4.560e-05 1.308e-05 1.151e-04 -1.000 2.681e-04 0.469 -0.224 -0.376 -0.402
0.00024632 -1.80000 10.11394 0.7856523395 2.4136013985    0.722  1.725  3.8326  2.854    4  0.000  0.529     0.00     0.00     0.00     0.00     0.00 -1    -1e-30      0.00 7.513e-01 2.484e-01 4.560e-05 1.308e-05 1.151e-04 -1.000 2.681e-04 0.458 -0.269 -0.435 -0.462
0.00024632 -1.80000 10.11394 0.7857025266 2.4136195183    0.722  1.730  3.8259  2.823    4  0.000  0.529     0.00     0.00     0.00     0.00     0.00 -1    -1e-30      0.00 7.513e-01 2.484e-01 4.560e-05 1.308e-05 1.151e-04 -1.000 2.681e-04 0.446 -0.314 -0.495 -0.523
0.00024632 -1.80000 10.11394 0.7857371569 2.4136321545    0.722  1.733  3.8212  2.800    4  0.000  0.529     0.00     0.00     0.00     0.00     0.00 -1    -1e-30      0.00 7.513e-01 2.484e-01 4.560e-05 1.308e-05 1.151e-04 -1.000 2.682e-04 0.437 -0.347 -0.538 -0.567
0.00024632 -1.80000 10.11394 0.7857681513 2.4136435986    0.722  1.737  3.8164  2.777    4  0.000  0.529     0.00     0.00     0.00     0.00     0.00 -1    -1e-30      0.00 7.513e-01 2.484e-01 4.560e-05 1.308e-05 1.151e-04 -1.000 2.682e-04 0.429 -0.379 -0.582 -0.611
0.00024632 -1.80000 10.11394 0.7858147621 2.4136605263    0.722  1.742  3.8099  2.746    4  0.000  0.529     0.00     0.00     0.00     0.00     0.00 -1    -1e-30      0.00 7.513e-01 2.484e-01 4.560e-05 1.308e-05 1.151e-04 -1.000 2.681e-04 0.416 -0.424 -0.642 -0.672
0.00024632 -1.80000 10.11394 0.7858627439 2.4136779308    0.722  1.748  3.8025  2.711    4  0.000  0.529     0.00     0.00     0.00     0.00     0.00 -1    -1e-30      0.00 7.513e-01 2.484e-01 4.560e-05 1.308e-05 1.151e-04 -1.000 2.681e-04 0.400 -0.475 -0.709 -0.742
0.00024632 -1.80000 10.11394 0.7859098911 2.4136950970    0.722  1.754  3.7955  2.677    4  0.000  0.529     0.00     0.00     0.00     0.00     0.00 -1    -1e-30      0.00 7.513e-01 2.484e-01 4.560e-05 1.308e-05 1.151e-04 -1.000 2.681e-04 0.385 -0.522 -0.773 -0.808
0.00024632 -1.80000 10.11394 0.7859575748 2.4137125015    0.722  1.760  3.7892  2.646    4  0.000  0.529     0.00     0.00     0.00     0.00     0.00 -1    -1e-30      0.00 7.513e-01 2.484e-01 4.560e-05 1.308e-05 1.151e-04 -1.000 2.681e-04 0.370 -0.567 -0.833 -0.869
0.00024632 -1.80000 10.11394 0.7860052586 2.4137299061    0.722  1.766  3.7833  2.615    4  0.000  0.529     0.00     0.00     0.00     0.00     0.00 -1    -1e-30      0.00 7.513e-01 2.484e-01 4.560e-05 1.308e-05 1.151e-04 -1.000 2.681e-04 0.354 -0.611 -0.890 -0.929
0.00024632 -1.80000 10.11394 0.7860532999 2.4137473106    0.722  1.775  3.7771  2.582    4  0.000  0.529     0.00     0.00     0.00     0.00     0.00 -1    -1e-30      0.00 7.513e-01 2.484e-01 4.560e-05 1.308e-05 1.151e-04 -1.000 2.681e-04 0.333 -0.660 -0.955 -0.996
0.00024632 -1.80000 10.11394 0.7860628963 2.4137508869    0.722  1.776  3.7764  2.579    4  0.000  0.529     0.00     0.00     0.00     0.00     0.00 -1    -1e-30      0.00 7.513e-01 2.484e-01 4.560e-05 1.308e-05 1.151e-04 -1.000 2.681e-04 0.331 -0.665 -0.962 -1.003
0.00024632 -1.80000 10.11394 0.7861121297 2.4137687683    0.722  1.786  3.7702  2.543    4  0.000  0.529     0.00     0.00     0.00     0.00     0.00 -1    -1e-30      0.00 7.513e-01 2.484e-01 4.560e-05 1.308e-05 1.151e-04 -1.000 2.682e-04 0.304 -0.722 -1.034 -1.077
0.00024632 -1.80000 10.11394 0.7861606479 2.4137864113    0.722  1.802  3.7637  2.501    4  0.000  0.529     0.00     0.00     0.00     0.00     0.00 -1    -1e-30      0.00 7.513e-01 2.484e-01 4.560e-05 1.308e-05 1.151e-04 -1.000 2.681e-04 0.264 -0.790 -1.118 -1.164
0.00024632 -1.80000 10.11394 0.7862015367 2.4138014317    0.722  1.831  3.7553  2.439    4  0.000  0.529     0.00     0.00     0.00     0.00     0.00 -1    -1e-30      0.00 7.513e-01 2.484e-01 4.560e-05 1.308e-05 1.151e-04 -1.000 2.681e-04 0.193 -0.899 -1.245 -1.296
0.00024632 -1.80000 10.11394 0.7862236500 2.4138092995    0.722  1.866  3.7468  2.370    4  0.000  0.529     0.00     0.00     0.00     0.00     0.00 -1    -1e-30      0.00 7.513e-01 2.484e-01 4.560e-05 1.308e-05 1.151e-04 -1.000 2.681e-04 0.105 -1.022 -1.388 -1.443
0.00024632 -1.80000 10.11394 0.7862336636 2.4138131142    0.722  1.903  3.7390  2.301    4  0.000  0.529     0.00     0.00     0.00     0.00     0.00 -1    -1e-30      0.00 7.513e-01 2.484e-01 4.560e-05 1.308e-05 1.151e-04 -1.000 2.681e-04 0.011 -1.149 -1.531 -1.590
0.00024632 -1.80000 10.11394 0.7862381339 2.4138147831    0.722  1.943  3.7322  2.235    4  0.000  0.529     0.00     0.00     0.00     0.00     0.00 -1    -1e-30      0.00 7.513e-01 2.484e-01 4.560e-05 1.308e-05 1.151e-04 -1.000 2.682e-04 -0.087 -1.276 -1.673 -1.736
0.00024632 -1.80000 10.11394 0.7862402201 2.4138154984    0.722  1.981  3.7269  2.176    4  0.000  0.529     0.00     0.00     0.00     0.00     0.00 -1    -1e-30      0.00 7.513e-01 2.484e-01 4.560e-05 1.308e-05 1.151e-04 -1.000 2.681e-04 -0.182 -1.394 -1.803 -1.868
0.00024632 -1.80000 10.11394 0.7862411141 2.4138157368    0.722  2.005  3.7239  2.140    7  0.000  0.529     0.00     0.00     0.00     0.00     0.00 -1    -1e-30      0.00 7.513e-01 2.484e-01 4.560e-05 1.308e-05 1.151e-04 -1.000 2.681e-04 -0.242 -1.467 -1.882 -1.949
0.00024632 -1.80000 10.11394 0.7862420678 2.4138162136    0.722  2.045  3.7199  2.083    7  0.000  0.529     0.00     0.00     0.00     0.00     0.00 -1    -1e-30      0.00 7.513e-01 2.484e-01 4.560e-05 1.308e-05 1.151e-04 -1.000 2.681e-04 -0.343 -1.585 -2.009 -2.078
0.00024632 -1.80000 10.11394 0.7862429619 2.4138164520    0.722  2.084  3.7165  2.031    7  0.000  0.529     0.00     0.00     0.00     0.00     0.00 -1    -1e-30      0.00 7.513e-01 2.484e-01 4.560e-05 1.308e-05 1.151e-04 -1.000 2.681e-04 -0.440 -1.696 -2.128 -2.199
0.00024632 -1.80000 10.11394 0.7862437963 2.4138166904    0.722  2.119  3.7138  1.985    7  0.000  0.529     0.00     0.00     0.00     0.00     0.00 -1    -1e-30      0.00 7.513e-01 2.484e-01 4.560e-05 1.308e-05 1.151e-04 -1.000 2.681e-04 -0.527 -1.795 -2.233 -2.305
0.00024632 -1.80000 10.11394 0.7862446904 2.4138171673    0.722  2.151  3.7114  1.944    7  0.000  0.529     0.00     0.00     0.00     0.00     0.00 -1    -1e-30      0.00 7.513e-01 2.484e-01 4.560e-05 1.308e-05 1.151e-04 -1.000 2.681e-04 -0.607 -1.885 -2.329 -2.402
0.00024632 -1.80000 10.11394 0.7862459421 2.4138174057    0.722  2.185  3.7090  1.900    7  0.000  0.529     0.00     0.00     0.00     0.00     0.00 -1    -1e-30      0.00 7.513e-01 2.484e-01 4.560e-05 1.308e-05 1.151e-04 -1.000 2.681e-04 -0.692 -1.980 -2.430 -2.504
0.00024632 -1.80000 10.11394 0.7862483859 2.4138183594    0.722  2.163  3.7108  1.929    7  0.000  0.529     0.00     0.00     0.00     0.00     0.00 -1    -1e-30      0.00 7.513e-01 2.484e-01 4.560e-05 1.308e-05 1.151e-04 -1.000 2.681e-04 -0.637 -1.917 -2.362 -2.436
0.00024632 -1.80000 10.11394 0.7862524390 2.4138197899    0.722  2.133  3.7129  1.967    7  0.000  0.529     0.00     0.00     0.00     0.00     0.00 -1    -1e-30      0.00 7.513e-01 2.484e-01 4.560e-05 1.308e-05 1.151e-04 -1.000 2.681e-04 -0.563 -1.834 -2.274 -2.347
0.00024632 -1.80000 10.11394 0.7862768173 2.4138288498    0.722  2.152  3.7110  1.941    7  0.000  0.529     0.00     0.00     0.00     0.00     0.00 -1    -1e-30      0.00 7.513e-01 2.484e-01 4.560e-05 1.308e-05 1.151e-04 -1.000 2.681e-04 -0.610 -1.890 -2.335 -2.408
0.00024632 -1.80000 10.11394 0.7862916589 2.4138340950    0.722  2.185  3.7085  1.898    7  0.000  0.529     0.00     0.00     0.00     0.00     0.00 -1    -1e-30      0.00 7.513e-01 2.484e-01 4.560e-05 1.308e-05 1.151e-04 -1.000 2.681e-04 -0.693 -1.983 -2.434 -2.509
0.00024632 -1.80000 10.11394 0.7863096595 2.4138407707    0.722  2.225  3.7055  1.846    7  0.000  0.529     0.00     0.00     0.00     0.00     0.00 -1    -1e-30      0.00 7.513e-01 2.484e-01 4.560e-05 1.308e-05 1.151e-04 -1.000 2.681e-04 -0.792 -2.095 -2.553 -2.629
0.00024632 -1.80000 10.11394 0.7863280177 2.4138474464    0.722  2.267  3.7026  1.792    7  0.000  0.529     0.00     0.00     0.00     0.00     0.00 -1    -1e-30      0.00 7.513e-01 2.484e-01 4.560e-05 1.308e-05 1.151e-04 -1.000 2.681e-04 -0.898 -2.213 -2.679 -2.757
0.00024632 -1.80000 10.11394 0.7863445282 2.4138534069    0.723  2.309  3.6998  1.739    7  0.000  0.529     0.00     0.00     0.00     0.00     0.00 -1    -1e-30      0.00 7.513e-01 2.484e-01 4.560e-05 1.308e-05 1.151e-04 -1.000 2.681e-04 -1.003 -2.330 -2.804 -2.883
0.00024632 -1.80000 10.11394 0.7863590717 2.4138586521    0.723  2.351  3.6971  1.686    7  0.000  0.529     0.00     0.00     0.00     0.00     0.00 -1    -1e-30      0.00 7.514e-01 2.484e-01 4.559e-05 1.308e-05 1.151e-04 -1.000 2.658e-04 -1.107 -2.446 -2.926 -3.007
0.00024632 -1.80000 10.11394 0.7863720059 2.4138634205    0.723  2.393  3.6944  1.634    7  0.000  0.529     0.00     0.00     0.00     0.00     0.00 -1    -1e-30      0.00 7.514e-01 2.483e-01 4.558e-05 1.308e-05 1.151e-04 -1.000 2.652e-04 -1.211 -2.561 -3.049 -3.130
0.00024632 -1.80000 10.11394 0.7863833308 2.4138674736    0.723  2.434  3.6917  1.582    7  0.000  0.528     0.00     0.00     0.00     0.00     0.00 -1    -1e-30      0.00 7.514e-01 2.483e-01 4.550e-05 1.311e-05 1.151e-04 -1.000 2.652e-04 -1.315 -2.675 -3.170 -3.253
0.00024632 -1.80000 10.11394 0.7863934040 2.4138712883    0.723  2.475  3.6891  1.530    7  0.000  0.524     0.00     0.00     0.00     0.00     0.00 -1    -1e-30      0.00 7.514e-01 2.483e-01 4.522e-05 1.327e-05 1.151e-04 -1.000 2.653e-04 -1.418 -2.788 -3.291 -3.375
0.00024632 -1.80000 10.11394 0.7864025235 2.4138743877    0.723  2.516  3.6865  1.478    7  0.000  0.514     0.00     0.00     0.00     0.00     0.00 -1    -1e-30      0.00 7.513e-01 2.484e-01 4.452e-05 1.394e-05 1.151e-04 -1.000 2.681e-04 -1.521 -2.902 -3.412 -3.498
0.00024632 -1.80000 10.11394 0.7864108682 2.4138774872    0.723  2.558  3.6838  1.427    7  0.000  0.500     0.00     0.00     0.00     0.00     0.00 -1    -1e-30      0.00 7.513e-01 2.484e-01 4.347e-05 1.511e-05 1.151e-04 -1.000 2.682e-04 -1.624 -3.017 -3.534 -3.620
0.00024632 -1.80000 10.11394 0.7864186168 2.4138803482    0.723  2.599  3.6812  1.375    7  0.000  0.486     0.00     0.00     0.00     0.00     0.00 -1    -1e-30      0.00 7.513e-01 2.484e-01 4.230e-05 1.650e-05 1.151e-04 -1.000 2.681e-04 -1.727 -3.133 -3.657 -3.742
0.00024632 -1.80000 10.11394 0.7864258885 2.4138829708    0.723  2.640  3.6785  1.323    7  0.000  0.474     0.00     0.00     0.00     0.00     0.00 -1    -1e-30      0.00 7.512e-01 2.486e-01 4.120e-05 1.785e-05 1.151e-04 -1.000 1.970e-04 -1.830 -3.249 -3.780 -3.865
0.00024632 -1.80000 10.11394 0.7864328623 2.4138855934    0.723  2.681  3.6758  1.271    7  0.000  0.463     0.00     0.00     0.00     0.00     0.00 -1    -1e-30      0.00 7.511e-01 2.487e-01 4.022e-05 1.906e-05 1.151e-04 -1.000 2.682e-04 -1.933 -3.365 -3.903 -3.988
0.00024632 -1.80000 10.11394 0.7864394784 2.4138879776    0.723  2.722  3.6731  1.219    7  0.000  0.453     0.00     0.00     0.00     0.00     0.00 -1    -1e-30      0.00 7.510e-01 2.488e-01 3.936e-05 2.011e-05 1.151e-04 -1.000 2.682e-04 -2.036 -3.481 -4.025 -4.111
0.00024632 -1.80000 10.11394 0.7864457965 2.4138901234    0.723  2.764  3.6704  1.167    7  0.000  0.445     0.00     0.00     0.00     0.00     0.00 -1    -1e-30      0.00 7.508e-01 2.489e-01 3.864e-05 2.099e-05 1.151e-04 -1.000 2.683e-04 -2.139 -3.598 -4.149 -4.234
0.00024632 -1.80000 10.11394 0.7864515185 2.4138922691    0.723  2.805  3.6676  1.114    7  0.000  0.437     0.00     0.00     0.00     0.00     0.00 -1    -1e-30      0.00 7.506e-01 2.491e-01 3.799e-05 2.179e-05 1.151e-04 -1.000 2.682e-04 -2.243 -3.716 -4.274 -4.360
0.00024632 -1.80000 10.11394 0.7864562869 2.4138939381    0.723  2.846  3.6648  1.062    7  0.000  0.431     0.00     0.00     0.00     0.00     0.00 -1    -1e-30      0.00 7.505e-01 2.493e-01 3.746e-05 2.244e-05 1.150e-04 -1.000 2.682e-04 -2.346 -3.832 -4.398 -4.484
0.00024632 -1.80000 10.11394 0.7864602804 2.4138956070    0.723  2.888  3.6620  1.009    7  0.000  0.426     0.00     0.00     0.00     0.00     0.00 -1    -1e-30      0.00 7.503e-01 2.494e-01 3.701e-05 2.302e-05 1.149e-04 -1.000 2.681e-04 -2.450 -3.949 -4.523 -4.608
0.00024632 -1.80000 10.11394 0.7864637375 2.4138967991    0.723  2.929  3.6591  0.957    7  0.000  0.422     0.00     0.00     0.00     0.00     0.00 -1    -1e-30      0.00 7.501e-01 2.497e-01 3.660e-05 2.354e-05 1.148e-04 -1.000 1.970e-04 -2.552 -4.066 -4.646 -4.732
0.00024632 -1.80000 10.11394 0.7864669561 2.4138979912    0.723  2.970  3.6562  0.904    7  0.000  0.419     0.00     0.00     0.00     0.00     0.00 -1    -1e-30      0.00 7.499e-01 2.498e-01 3.627e-05 2.401e-05 1.147e-04 -1.000 2.682e-04 -2.655 -4.182 -4.770 -4.857
0.00024632 -1.80000 10.11394 0.7864702344 2.4138991833    0.723  3.013  3.6530  0.848    7  0.000  0.417     0.00     0.00     0.00     0.00     0.00 -1    -1e-30      0.00 7.498e-01 2.500e-01 3.600e-05 2.440e-05 1.145e-04 -1.000 2.682e-04 -2.764 -4.303 -4.900 -4.990
0.00024632 -1.80000 10.11394 0.7864731550 2.4139001369    0.723  3.057  3.6498  0.791    7  0.000  0.415     0.00     0.00     0.00     0.00     0.00 -1    -1e-30      0.00 7.496e-01 2.502e-01 3.577e-05 2.477e-05 1.143e-04 -1.000 2.682e-04 -2.874 -4.425 -5.031 -5.123
0.00024632 -1.80000 10.11394 0.7864741087 2.4139006138    0.723  3.062  3.6494  0.784    7  0.000  0.414     0.00     0.00     0.00     0.00     0.00 -1    -1e-30      0.00 7.496e-01 2.502e-01 3.568e-05 2.492e-05 1.142e-04 -1.000 2.682e-04 -2.886 -4.438 -5.046 -5.138
0.00024632 -1.80000 10.11394 0.7864743471 2.4139006138    0.723  3.096  3.6469  0.740    7  0.000  0.414     0.00     0.00     0.00     0.00     0.00 -1    -1e-30      0.00 7.495e-01 2.503e-01 3.558e-05 2.515e-05 1.141e-04 -1.000 2.681e-04 -2.971 -4.532 -5.148 -5.242
0.00024632 -1.80000 10.11394 0.7864746451 2.4139008522    0.723  3.135  3.6440  0.690    7  0.000  0.412     0.00     0.00     0.00     0.00     0.00 -1    -1e-30      0.00 7.492e-01 2.506e-01 3.535e-05 2.574e-05 1.137e-04 -1.000 2.682e-04 -3.068 -4.639 -5.264 -5.360
0.00024632 -1.80000 10.11394 0.7864750624 2.4139008522    0.723  3.173  3.6411  0.640    7  0.000  0.411     0.00     0.00     0.00     0.00     0.00 -1    -1e-30      0.00 7.489e-01 2.508e-01 3.512e-05 2.637e-05 1.133e-04 -1.000 2.683e-04 -3.163 -4.744 -5.378 -5.476
0.00024632 -1.80000 10.11394 0.7864753008 2.4139010906    0.723  3.237  3.6336  0.547    8  0.526  0.415    53.07    29.15    19.16    15.23    12.36  1  -4.5e-07      0.00 7.462e-01 2.536e-01 3.495e-05 2.947e-05 1.140e-04 -1.000 2.325e-04 -3.321 -4.924 -5.584 -5.689
0.00024632 -1.80000 10.11394 0.7864753604 2.4139010906    0.721  3.027  3.6495  0.819    8  0.526  0.409    29.70    17.80    11.96     9.44     7.65  1 -1.85e-07      0.00 7.462e-01 2.536e-01 3.495e-05 2.947e-05 1.140e-04 -1.000 2.325e-04 -2.796 -4.347 -4.955 -5.048
0.00024632 -1.80000 10.11394 0.7864754796 2.4139010906    0.720  2.871  3.6612  1.021    8  0.526  0.409    19.59    12.36     8.44     6.63     5.37  2    -1e-07      0.00 7.462e-01 2.536e-01 3.495e-05 2.947e-05 1.140e-04 -1.000 2.326e-04 -2.408 -3.911 -4.486 -4.572
0.00024632 -1.80000 10.11394 0.7864756584 2.4139010906    0.716  2.670  3.6765  1.282    8  0.526  0.409    11.60     7.70     5.38     4.19     3.39  3 -4.83e-08      0.00 7.462e-01 2.536e-01 3.495e-05 2.947e-05 1.140e-04 -1.000 2.325e-04 -1.904 -3.333 -3.868 -3.954
0.00024632 -1.80000 10.11394 0.7864759564 2.4139013290    0.711  2.676  3.6760  1.270    8  0.526  0.409    11.84     7.85     5.47     4.27     3.45  2 -4.98e-08      0.00 7.462e-01 2.536e-01 3.495e-05 2.947e-05 1.140e-04 -1.000 2.325e-04 -1.919 -3.350 -3.888 -3.973
0.00024632 -1.80000 10.11394 0.7864762545 2.4139013290    0.705  2.771  3.6686  1.142    8  0.526  0.409    15.26     9.88     6.81     5.33     4.32  2 -7.09e-08      0.00 7.462e-01 2.536e-01 3.495e-05 2.947e-05 1.140e-04 -1.000 2.326e-04 -2.156 -3.624 -4.180 -4.265
0.00024632 -1.80000 10.11394 0.7864766717 2.4139015675    0.698  2.951  3.6546  0.902    8  0.526  0.409    24.88    15.21    10.29     8.11     6.57  1 -1.45e-07      0.00 7.462e-01 2.536e-01 3.495e-05 2.947e-05 1.140e-04 -1.000 2.326e-04 -2.607 -4.138 -4.732 -4.820
0.00024632 -1.80000 10.11394 0.7864772081 2.4139015675    0.689  3.110  3.6423  0.688    8  0.527  0.409    38.94    22.32    14.83    11.76     9.54  1 -2.86e-07      0.00 7.462e-01 2.536e-01 3.495e-05 2.947e-05 1.140e-04 -1.000 2.326e-04 -3.005 -4.580 -5.211 -5.308
0.00024632 -1.80000 10.11394 0.7864777446 2.4139018059    0.680  3.216  3.6340  0.542    8  0.527  0.409    53.17    28.93    19.00    15.13    12.28  1 -4.66e-07      0.00 7.462e-01 2.536e-01 3.495e-05 2.947e-05 1.140e-04 -1.000 2.326e-04 -3.270 -4.872 -5.530 -5.635
0.00024632 -1.80000 10.11394 0.7864783406 2.4139020443    0.669  3.275  3.6292  0.457    8  0.528  0.409    63.91    33.60    21.91    17.50    14.20  1 -6.27e-07      0.00 7.462e-01 2.536e-01 3.495e-05 2.947e-05 1.140e-04 -1.000 2.325e-04 -3.418 -5.035 -5.709 -5.818
0.00024632 -1.80000 10.11394 0.7864790559 2.4139022827    0.657  3.306  3.6266  0.408    8  0.528  0.409    71.04    36.53    23.72    18.98    15.41  1 -7.47e-07      0.00 7.462e-01 2.536e-01 3.495e-05 2.947e-05 1.140e-04 -1.000 2.325e-04 -3.494 -5.120 -5.803 -5.914
0.00024632 -1.80000 10.11394 0.7864798307 2.4139025211    0.645  3.325  3.6259  0.378    8  0.528  0.415    75.89    38.43    24.89    19.95    16.19  1 -8.57e-07      0.00 7.462e-01 2.536e-01 3.495e-05 2.947e-05 1.140e-04 -1.000 2.326e-04 -3.544 -5.173 -5.857 -5.969
0.00024632 -1.80000 10.11394 0.7864834666 2.4139039516    0.530 -9.999  4.0000  1.854    9  0.530  0.000     0.00     0.00     0.00     0.00     0.00 -1    -1e-30      0.00 7.462e-01 2.536e-01 3.495e-05 2.947e-05 1.140e-04 -1.000 2.326e-04 29.767 30.076 30.098 30.105
#isochrone terminated
