346.040192     13.070487
216.016113     14.991573
215.991104     23.980244
21.020414     14.968665
304.997955     14.999449
379.054047     16.964500
12.002292     17.014812
253.980042     18.032795
333.075165     19.969048
66.033340     21.988609
352.012482     22.057226
430.894531     23.023489
208.005203     23.994551
238.033035     24.962383
440.924988     26.259586
275.000641     25.034311
277.010620     28.980953
105.978783     29.062620
251.025009     30.993732
338.041077     33.998505
284.953369     39.083889
56.018608     40.012592
449.026123     40.004971
479.009735     42.020073
474.157776     47.989624
317.002075     48.026760
383.995300     50.894535
445.989197     49.002560
362.990845     50.031803
361.298492     56.992794
423.994965     51.021286
82.031349     53.025993
317.010376     54.998425
323.189056     56.921047
343.019348     56.016266
420.111206     58.018040
424.005737     63.014271
367.706146     70.357643
24.283974     68.090477
440.973969     66.963707
474.002258     67.998817
337.998413     70.009224
459.027618     71.972557
182.982193     76.000435
359.012024     76.993988
74.016350     79.040878
215.034927     79.975525
393.144501     84.043999
400.015442     85.032829
290.977966     85.984177
468.991730     88.990936
65.012817     92.024170
43.970554     93.027069
90.998016     94.129189
149.003189     93.037888
273.057220     94.153641
263.056732     96.115036
269.998230     105.000397
83.016502     98.040970
450.997955     97.989944
152.001999     101.006493
294.048279     103.001053
203.012238     103.017456
385.971222     104.027641
165.005554     106.020653
35.231060     111.106567
50.988293     108.026161
159.999313     107.003052
237.387955     110.960846
101.993362     113.008751
302.002106     112.987503
407.037170     116.036171
235.016647     120.011635
144.999161     124.029945
283.036469     125.982079
283.057190     131.965851
17.993259     126.022705
37.067894     129.091507
429.032349     129.057922
81.001808     128.006149
84.987862     130.005463
133.005951     133.011475
238.982147     134.010818
318.011444     136.014389
477.011475     136.999512
217.027695     138.000168
84.982079     138.994614
193.005844     140.026321
14.041365     142.021042
231.036972     145.963867
481.941742     147.088776
487.005646     154.991882
49.014721     148.004852
53.993099     150.009857
328.106964     149.984421
186.019302     150.019806
89.988327     151.085159
319.005280     151.024216
370.058411     157.074097
299.859222     156.139999
190.931137     158.940704
453.000793     157.021591
457.991547     159.993103
228.958099     166.106155
182.996170     165.998932
167.001068     170.007065
190.986969     171.974640
182.046997     172.131332
53.028011     173.018051
438.038971     175.067261
273.004791     176.998642
23.019407     177.988953
334.000977     180.026871
92.992249     179.000061
93.013885     183.999207
434.136475     181.872787
165.992310     181.000946
162.000504     183.991272
153.057083     190.038193
487.934387     189.069427
304.041443     191.984421
265.014801     196.248383
59.210037     198.952545
446.986176     197.086655
451.166595     205.011520
124.007370     199.007797
127.995567     200.006317
300.991180     198.006668
29.014788     198.999283
149.006287     199.994644
79.924881     209.067612
320.016693     208.996048
32.008026     210.001862
176.980713     210.003220
275.076324     211.026367
143.974197     212.051727
318.053253     215.081467
399.985168     213.990082
499.010925     215.006470
47.065037     221.098862
361.061462     224.995529
108.994560     225.076874
106.044868     231.003250
264.971222     225.065475
463.990356     225.022217
391.993500     227.032028
164.244995     230.102829
211.996689     227.011673
481.996704     227.019669
250.000580     230.997025
254.022583     235.996674
255.016693     241.002121
329.153809     235.914841
210.997421     237.005890
144.016327     238.983139
308.043091     240.970169
236.125565     245.095795
242.047089     249.009964
52.038143     246.972260
408.972382     246.049622
151.016846     247.000565
321.989349     246.989578
116.999878     248.054245
296.030487     249.001968
315.065460     250.002304
335.985413     249.014145
338.021729     254.977142
65.987946     252.039398
211.003525     254.001480
213.009262     262.003815
245.073502     256.062073
287.209167     259.927277
424.039154     260.995911
45.010933     264.047516
430.029846     262.000122
400.021973     263.009735
29.008678     265.014343
70.077385     266.983734
492.983032     265.022369
396.002747     266.998901
387.001068     269.006073
415.000183     269.013458
297.277252     272.821045
303.992645     274.052643
402.000183     269.023407
175.010376     276.023651
179.013687     278.972351
262.988556     277.030670
122.008041     278.010834
99.989502     278.998505
294.995514     278.975281
481.032288     279.995789
448.997314     281.992401
69.034264     284.027069
68.027863     287.978455
228.014908     283.995819
193.026749     290.034363
475.981384     292.979126
340.159607     300.965729
161.041443     301.075470
297.003113     301.021576
491.990204     301.990387
29.028395     304.019104
369.031158     310.992523
355.022614     316.992188
176.018250     318.000122
181.090912     320.978149
326.059967     325.984955
383.065094     327.997314
160.009125     328.017670
338.061340     329.936310
234.106750     333.949371
277.992737     337.028625
180.053879     335.991913
475.023926     339.010864
381.045624     340.972260
210.010132     347.988678
246.019821     354.990753
11.041977     353.992279
17.031298     354.981903
498.997864     358.025909
494.013641     361.996643
70.164963     363.889954
111.936737     363.066101
205.976822     364.110779
371.009674     366.127594
334.004669     367.994019
392.014069     367.004211
179.053406     367.986786
248.985977     369.976166
412.989807     371.976318
478.031586     372.115509
386.006561     377.029144
374.034790     378.965088
72.990425     379.053284
32.028080     381.091309
366.009338     379.981659
445.033020     380.029388
473.013672     379.987244
248.064972     383.009979
193.979675     382.025055
190.987717     386.017487
75.050835     389.970642
305.990814     391.021912
405.008606     392.007416
24.033510     393.055725
391.033722     398.041809
347.023224     402.015747
460.998352     404.002777
478.129364     403.976288
446.274536     409.992096
342.991608     405.991821
280.986420     408.999695
306.979248     412.053162
442.008240     421.997772
283.034912     425.959656
342.986206     425.972656
478.018860     431.029358
481.067627     436.923187
56.160973     434.240967
313.986237     434.045319
367.018250     452.994080
51.155994     457.901703
56.004124     458.037720
382.018890     463.981964
125.853531     463.204071
404.035034     465.049927
292.864136     466.867401
139.026245     466.153076
135.966232     470.860474
141.932510     475.072571
466.999084     467.998199
162.887268     469.121338
156.097549     472.082733
172.056656     471.034119
172.047165     474.042786
172.913177     479.049805
68.938637     474.078888
146.904800     474.072510
131.130463     477.096130
144.206894     488.060577
135.983566     483.084564
132.233276     486.040771
138.219666     489.267761
414.987244     478.071747
150.978882     485.296265
157.875443     491.057892
295.118774     480.019165
376.016754     481.982361
404.208496     484.057648
167.848648     483.021088
331.020538     484.271484
328.095123     491.988800
476.001923     484.005005
228.002441     485.210846
346.975800     488.028259
430.007660     490.997223
160.943146     496.996857
180.172638     490.057159
184.108704     493.941956
184.205063     499.047211
419.993561     492.004395
139.976654     497.112488
165.839722     507.882355
148.057709     493.014832
121.966011     494.086639
127.012032     495.988739
265.014740     493.112335
117.017540     495.052734
167.871262     495.936066
163.035095     512.893799
131.985199     502.956635
143.986237     502.993774
127.048172     504.895111
129.950806     507.955627
448.003174     502.019897
86.359627     505.097382
391.028320     503.992615
157.021088     504.996796
157.041504     514.944885
143.131577     515.015564
136.013611     509.021515
135.150604     513.000427
422.017548     508.994659
176.141327     511.956207
285.062683     514.239807
424.008728     517.006165
459.028687     526.045837
460.995392     530.986816
267.246582     529.902466
41.061554     538.913208
315.977386     539.078979
439.933990     540.278259
332.003143     541.156921
383.042053     548.005493
459.999298     550.007080
267.022186     551.045410
302.010773     554.026978
446.207214     560.060852
228.043594     560.167908
328.023804     561.074829
213.987671     565.093140
490.024475     566.962036
329.006958     570.990479
433.017792     571.977173
37.973587     575.107422
485.009003     579.007690
378.105347     580.926331
380.004913     586.994263
486.989990     585.989197
58.051674     588.996033
472.995392     589.011719
28.097692     591.033508
253.969818     595.093750
260.114624     595.055054
469.000214     594.024170
349.075897     596.986938
181.204803     597.138184
301.033966     600.007935
215.063614     601.999817
218.066742     603.999207
113.012512     603.079956
194.087097     602.986023
444.100922     609.947693
443.000671     616.043701
360.006958     611.016418
244.993820     613.034485
397.069153     617.232056
415.995972     617.007446
112.203087     615.945435
17.237400     616.995239
408.986420     616.993713
208.995590     619.064941
132.152634     619.975891
253.140625     621.024780
287.997742     620.012573
342.146973     621.033203
436.997589     623.006165
445.001343     623.996704
314.028320     625.042236
119.055595     626.035522
384.997528     626.015259
124.997902     626.087219
278.050842     626.993103
290.049164     629.028625
172.020309     631.276306
330.992798     631.038330
447.021881     632.009583
268.994202     634.032715
327.002289     635.055542
370.129761     637.101563
376.999115     639.127869
210.069260     639.980042
48.105751     643.221497
389.034119     642.984375
488.009766     646.996399
415.998108     651.009644
96.051971     654.072693
16.033648     655.065796
495.993896     654.978577
181.968628     657.045044
323.986847     658.121155
221.036682     662.074524
261.984344     662.023010
410.055481     665.032898
389.995483     666.011719
153.993195     666.979980
95.014107     669.049988
91.066696     671.989441
315.939392     672.037964
299.973999     674.167664
158.123825     679.985596
204.087296     680.013428
207.249939     684.142700
171.959976     683.079346
225.931549     681.099731
455.064423     683.045532
311.031219     683.023010
42.976147     684.045044
114.024147     683.995972
285.089661     685.903198
276.432953     692.105530
188.029083     686.050232
293.996216     686.164551
337.071838     686.997192
101.015900     690.996094
315.984680     692.010193
425.012451     692.007263
186.020004     692.998901
227.979950     696.129333
250.968567     697.068787
181.043884     698.024536
435.012604     698.005371
81.008347     701.019043
275.118927     705.008362
128.982315     704.014282
478.027435     705.004272
262.985504     704.024231
98.011353     707.005920
102.996750     706.003052
491.083160     708.019348
395.010437     708.992065
408.015442     709.023682
410.246307     715.121460
247.886505     712.146545
267.009613     711.997375
331.787537     717.167236
89.136116     716.887268
130.030167     717.992737
341.022064     718.014465
72.009720     718.025879
259.979950     723.139404
327.036407     724.078857
419.024597     725.052185
79.008362     729.012451
154.101288     729.943726
88.007927     731.023499
146.006821     735.035583
260.040527     733.964355
289.124329     739.019348
351.012115     739.001648
228.072525     740.992126
490.113861     741.997314
370.992096     741.029236
196.005417     743.052917
38.977425     745.980713
32.993195     746.993652
420.042511     749.935242
420.000793     754.991516
394.994598     750.085693
465.002136     754.992371
110.081078     752.026062
248.033783     755.993225
282.001678     757.034851
293.988525     756.110779
265.996979     762.024963
271.006073     764.974487
150.002533     763.025696
312.016907     767.032654
110.047821     770.018799
404.001404     771.044067
287.097412     772.093994
471.468597     782.194397
479.983093     775.998962
106.991890     777.121887
114.970413     778.973145
248.984344     779.995239
497.003448     781.999451
195.011810     783.024231
486.017883     783.998108
429.031006     783.991577
134.933594     785.983337
253.050720     787.012756
310.018982     787.016052
77.852921     791.821960
444.001404     790.014343
217.004868     793.019592
58.036713     795.010071
30.910622     800.240173
423.007690     797.017456
90.990921     801.000244
95.000282     801.996155
29.995602     811.985962
56.048294     804.994995
75.020782     804.045044
122.229057     806.265259
180.003403     804.033203
136.989365     809.092590
375.010376     808.017212
83.019135     810.080994
259.998627     814.027283
310.124725     814.972412
400.156525     815.132446
94.032944     820.011902
95.993767     824.995850
243.018570     830.006470
239.010483     824.045837
494.987305     823.988464
388.039703     827.020630
191.035065     828.993347
420.990875     830.025513
172.021942     832.105347
152.056519     834.019958
152.991257     839.000305
207.085480     835.103088
80.025261     835.008301
316.000610     835.018494
159.001083     838.015259
477.006226     840.009033
81.064041     842.997437
331.007233     844.013245
109.994652     848.002808
309.003876     847.993469
255.013702     849.010742
40.004745     850.006470
358.007019     851.260132
202.091461     853.052124
443.988708     851.988708
386.004089     853.019531
246.104095     858.903870
256.046844     856.983459
198.016357     857.036011
104.044098     862.000366
416.898712     864.046265
494.068542     863.985596
225.963959     864.975952
233.996948     864.012024
421.080566     870.997620
123.996956     865.991699
472.005371     864.992126
477.016968     864.998840
192.990845     867.007080
47.025055     870.984253
81.993629     871.025879
233.000168     872.042847
35.018986     873.979431
248.991302     875.057190
484.980316     880.018799
113.006294     881.995605
446.007935     884.015320
28.034286     888.977905
46.040157     893.022217
394.014648     890.027100
104.108421     894.982727
18.990244     899.036987
40.018661     898.995422
164.019501     903.024963
145.983688     903.989441
112.026474     904.994263
487.014618     908.015747
87.006546     907.999634
152.012283     907.997559
364.046967     912.995422
409.981567     914.033447
402.013000     914.996948
107.044113     917.011108
70.001167     922.010681
364.988708     922.016968
474.996613     928.990540
392.989441     930.042358
439.006439     929.996094
463.002838     931.989868
487.986664     931.048279
110.005768     932.997559
282.023285     934.999512
434.017731     933.981873
120.030640     938.996765
292.007202     935.999939
426.014038     942.997314
324.990936     949.004211
28.001570     949.998413
30.007627     954.996704
353.987610     952.020813
106.004028     953.004883
199.023880     953.113281
246.963242     957.953491
407.996674     957.002502
25.931183     959.996643
381.998962     959.098511
287.153168     963.929932
182.063965     963.997131
483.002716     962.003540
301.003693     964.010193
427.022522     963.983765
155.040894     971.062439
229.860626     974.029907
383.949677     976.053650
174.995926     975.994263
198.006470     976.017761
132.988388     977.018311
365.067047     979.003906
128.007996     978.993469
429.773041     983.769409
25.025955     990.014587
380.999481     987.990173
254.063644     989.986450
13.035985     995.033691
367.049561     995.962708
126.023155     998.985352
275.891693     999.123779
293.895508     999.171753
101.019905     1000.122681
42.002201     999.994568
400.005554     1001.007629
274.971161     1007.964600
408.000031     1009.016296
407.027679     1013.990234
