NGC 6475  Constantine et al. 

 No     X      Y      RA(1950)    Dec(1950)     muX      muY   Prob   V    U-B   B-V

0416   1.52 -31.86 17 49 27.483 -35 32 51.668 -0.0001  0.0007 0.000 11.79  0.28  0.78
0483 -14.26 -29.20 17 48  9.937 -35 30 10.529  0.0009  0.0025 0.000 10.55  1.33  1.72
0503   7.08 -24.83 17 49 54.767 -35 25 49.479 -0.0023  0.0050 0.000 10.90  1.19  1.51
0511  11.51 -25.43 17 50 16.487 -35 26 25.081  0.0126  0.0037 0.000 10.76  1.23  1.46
0514  14.09 -29.67 17 50 29.230 -35 30 38.673  0.0067  0.0013 0.000 12.14  0.05  0.69
0583 -23.74 -21.85 17 47 23.512 -35 22 47.313  0.0029  0.0020 0.000 11.56  0.82  1.39
0588  -5.10 -20.63 17 48 54.978 -35 21 37.503  0.0005 -0.0019 0.000 11.99  0.06  0.69
0590  -3.65 -20.34 17 49  2.117 -35 21 20.116  0.0071 -0.0015 0.000 12.19  0.18  0.75
0592  -1.79 -22.27 17 49 11.233 -35 23 16.269  0.0065 -0.0140 0.000 12.62  0.21  0.98
0594  -0.40 -22.20 17 49 18.054 -35 23 11.991  0.0003 -0.0003 0.000 11.89  0.18  0.47
0595   0.98 -22.14 17 49 24.807 -35 23  8.513  0.0015  0.0000 0.000  9.91  0.17  0.29
0596   2.34 -20.13 17 49 31.474 -35 21  7.541  0.0027  0.0046 0.000 11.41  1.33  1.77
0597   2.73 -22.95 17 49 33.417 -35 23 56.926  0.0029  0.0004 0.000 11.50  0.07  0.77
0598   5.21 -20.09 17 49 45.539 -35 21  5.253 -0.0009 -0.0025 0.014 11.56  0.75  1.34
0599   6.87 -20.23 17 49 53.681 -35 21 13.318  0.0008  0.0179 0.000 10.14  1.59  1.65
0600   8.04 -23.68 17 49 59.447 -35 24 40.082 -0.0320 -0.0593 0.000 11.38  1.08  1.56
0601   8.51 -23.15 17 50  1.783 -35 24  8.330  0.0036  0.0029 0.000 12.67  0.32  0.59
0602  11.03 -22.38 17 50 14.105 -35 23 21.984  0.0037 -0.0015 0.000 11.19  1.75  2.06
0603  11.93 -20.88 17 50 18.520 -35 21 51.733  0.0205 -0.0098 0.000 12.58  0.50  1.30
0604  13.11 -24.47 17 50 24.333 -35 25 27.270  0.0016  0.0062 0.000 12.62  0.31  0.86
0605  14.27 -23.17 17 50 30.027 -35 24  8.934  0.0014  0.0040 0.000 12.95  0.33  0.76
0606  14.76 -21.88 17 50 32.394 -35 22 51.288  0.0038  0.0007 0.000 10.82  0.24  0.94
0607  15.24 -21.34 17 50 34.776 -35 22 18.961  0.0081  0.0043 0.000 12.67  0.04  0.59
0608  15.46 -24.80 17 50 35.878 -35 25 46.231  0.0027  0.0016 0.000 11.68  0.20  0.47
0609  17.26 -23.73 17 50 44.714 -35 24 41.825  0.0036  0.0016 0.000 11.99  0.65  1.53
0610  17.38 -22.44 17 50 45.267 -35 23 24.706  0.0095 -0.0046 0.000 13.13  0.32  0.58
0611  18.11 -22.90 17 50 48.858 -35 23 52.143  0.0119  0.0028 0.000 12.71 -0.01  0.62
0612  20.56 -22.98 17 51  0.900 -35 23 55.988 -0.0002 -0.0095 0.000 11.86  0.19  0.64
0613  21.66 -23.17 17 51  6.271 -35 24  7.389  0.0096 -0.0016 0.000 12.55  0.14  0.75
0614  21.96 -22.34 17 51  7.741 -35 23 17.175  0.0030  0.0044 0.000 11.03  1.55  2.07
0615  23.27 -24.06 17 51 14.220 -35 25  0.215  0.0045  0.0078 0.000 10.77  1.09  1.50
0616  23.28 -22.67 17 51 14.219 -35 23 36.742  0.0048  0.0038 0.000 11.27  0.75  1.31
0617  26.44 -20.58 17 51 29.687 -35 21 30.719  0.0085  0.0082 0.000 10.56  1.77  2.19
0618  27.55 -20.55 17 51 35.128 -35 21 28.530  0.0052  0.0029 0.000 12.80  0.20  0.35
0619  29.00 -21.25 17 51 42.265 -35 22 10.072  0.0059  0.0063 0.000 11.04  1.72  2.33
0628  44.22 -24.69 17 52 57.039 -35 25 29.130 -0.0012  0.0026 0.000 11.93  0.20  0.63
0688  -5.54 -15.52 17 48 52.843 -35 16 30.764  0.0014  0.0013 0.012 11.49 -0.01  0.84
0689   0.39 -15.61 17 49 21.907 -35 16 36.592  0.0052  0.0031 0.003 10.95  0.09  0.50
0690   2.28 -14.95 17 49 31.157 -35 15 56.758 -0.0027  0.0022 0.071 11.87  0.20  0.65
0691   5.44 -15.61 17 49 46.670 -35 16 36.638 -0.0051 -0.0056 0.014 10.20  1.08  1.34
0692   5.73 -19.31 17 49 48.081 -35 20 18.588  0.0029  0.0013 0.013 10.60  0.13  0.48
0693   7.15 -17.28 17 49 55.045 -35 18 16.576 -0.0008 -0.0029 0.039 11.87  0.14  0.45
0694  12.23 -16.58 17 50 19.951 -35 17 33.812  0.0030  0.0002 0.041 11.86  0.09  0.65
0695  12.58 -16.02 17 50 21.623 -35 17  0.456 -0.0181  0.0050 0.000 12.57  0.52  1.30
0696  14.31 -17.57 17 50 30.126 -35 18 33.177  0.0008  0.0010 0.047 11.40  1.38  1.58
0697  15.74 -16.42 17 50 37.114 -35 17 23.896  0.0057 -0.0021 0.014 11.60  0.07  0.63
0698  16.92 -17.05 17 50 42.941 -35 18  1.467 -0.0031 -0.0039 0.036 11.88  0.30  0.54
0699  16.94 -18.66 17 50 43.028 -35 19 37.592  0.0068  0.0016 0.002 12.74  0.08  0.66
0700  20.23 -17.17 17 50 59.142 -35 18  7.716 -0.0014  0.0056 0.014 10.94  1.07  1.25
0701  20.34 -16.33 17 50 59.653 -35 17 17.387 -0.0024  0.0047 0.033 12.15  0.92  1.72
0702  20.55 -19.22 17 51  0.778 -35 20 10.724  0.0049 -0.0014 0.007 11.23  0.98  1.42
0703  20.84 -16.27 17 51  2.132 -35 17 13.736  0.0149  0.0026 0.000 12.93 -0.08  0.69
0704  21.57 -18.54 17 51  5.724 -35 19 29.698  0.0038  0.0010 0.009 10.32  0.01  0.40
0705  22.19 -15.45 17 51  8.706 -35 16 23.989 -0.0098  0.0004 0.014 10.28 -0.05  0.36
0706  22.63 -16.09 17 51 10.881 -35 17  2.170  0.0074  0.0062 0.000 11.60  0.19  0.33
0707  25.96 -16.72 17 51 27.231 -35 17 38.812  0.0100 -0.0018 0.000 12.58  0.10  0.85
0708  26.91 -15.50 17 51 31.825 -35 16 25.650  0.0052  0.0003 0.006 11.29  0.01  0.53
0709  27.69 -18.44 17 51 35.730 -35 19 21.792  0.0039  0.0063 0.000 10.87  1.65  2.13
0710  29.19 -17.26 17 51 43.080 -35 18 10.330  0.0067 -0.0047 0.001 11.16  1.44  1.78
0711  29.56 -19.63 17 51 44.949 -35 20 32.349  0.0077 -0.0004 0.000 11.04  1.07  1.30
0712  31.71 -15.50 17 51 55.373 -35 16 23.857  0.0076  0.0080 0.000 12.72  0.29  0.72
0713  32.01 -15.07 17 51 56.819 -35 15 58.170  0.0059  0.0056 0.000 12.94  0.08  0.62
0714  33.75 -17.27 17 52  5.399 -35 18  9.417  0.0035  0.0024 0.000 13.44  0.14  0.75
0720  41.61 -17.37 17 52 43.955 -35 18 11.687  0.0054  0.0022 0.000 12.23  0.32  0.49
0807 -14.93 -10.25 17 48  6.928 -35 11 13.331 -0.0021  0.0047 0.000 12.27  0.31  0.41
0809  -8.63 -13.70 17 48 37.732 -35 14 41.648 -0.0008 -0.0080 0.001 12.43  0.27  0.96
0810  -7.63 -14.23 17 48 42.627 -35 15 13.417  0.0023 -0.0004 0.008 12.82  0.18  0.56
0811  -5.39 -14.06 17 48 53.622 -35 15  3.253 -0.0048 -0.0174 0.000  9.83  0.25  0.36
0812  -5.33 -13.17 17 48 53.913 -35 14  9.942  0.0030 -0.0002 0.014 10.63  0.00  0.56
0814  -4.17 -10.70 17 48 59.606 -35 11 42.064  0.0023  0.0005 0.066 10.57  0.14  0.65
0815  -0.41 -10.37 17 49 17.983 -35 11 22.424  0.0008  0.0068 0.025 12.09  0.15  0.26
0816   2.90 -11.94 17 49 34.175 -35 12 56.423 -0.0038  0.0040 0.015  8.91 -0.46  0.16
0817   3.45 -12.83 17 49 36.914 -35 13 49.565  0.0028  0.0012 0.097 10.71  0.09  0.63
0818   3.98 -11.52 17 49 39.472 -35 12 30.931  0.0044 -0.0100 0.003 12.76  0.10  0.61
0819   4.23 -13.29 17 49 40.697 -35 14 17.123  0.0038  0.0062 0.009 11.20  1.75  2.40
0820   4.40 -10.83 17 49 41.545 -35 11 49.810  0.0028  0.0036 0.095 11.63  0.03  0.21
0821   4.66 -10.74 17 49 42.793 -35 11 44.090 -0.0010 -0.0033 0.257 12.04  0.99  1.69
0822   9.82  -9.93 17 50  8.057 -35 10 55.204  0.0027 -0.0043 0.171 12.07  0.07  0.74
0823  11.28 -13.85 17 50 15.233 -35 14 50.265  0.0045 -0.0033 0.061 11.44  1.36  1.81
0824  11.48 -13.87 17 50 16.226 -35 14 51.327  0.0037  0.0054 0.019 12.03  0.08  0.85
0825  12.56 -12.75 17 50 21.526 -35 13 44.148  0.0053 -0.0057 0.031 12.30  0.25  0.86
0826  12.95 -11.76 17 50 23.415 -35 12 44.665 -0.0050  0.0045 0.190 12.29  0.27  0.36
0827  13.30 -10.76 17 50 25.101 -35 11 44.521 -0.0002 -0.0098 0.010 12.55  0.01  0.89
0828  16.71 -13.77 17 50 41.858 -35 14 44.382  0.0027  0.0020 0.104 11.25  0.24  0.43
0829  16.76 -11.33 17 50 42.021 -35 12 17.840  0.0012 -0.0052 0.139 11.52  0.20  0.49
0830  16.94 -10.76 17 50 42.902 -35 11 43.537  0.0335 -0.0392 0.000  7.26  1.22  1.18
0831  18.50 -14.82 17 50 50.619 -35 15 47.257  0.0072 -0.0005 0.012 12.33  0.12  0.79
0832  19.64 -12.71 17 50 56.155 -35 13 40.189  0.0100 -0.0005 0.003 12.87  0.23  0.92
0833  21.97 -11.51 17 51  7.533 -35 12 27.529  0.0058  0.0048 0.012 12.52  0.40  0.79
0834  22.16 -10.20 17 51  8.439 -35 11  9.061  0.0031  0.0060 0.030 11.03  1.60  2.09
0835  22.67 -13.75 17 51 11.013 -35 14 42.103 -0.0036  0.0061 0.047 10.59  0.99  1.34
0836  26.50 -12.68 17 51 29.774 -35 13 36.258  0.0075 -0.0027 0.009 11.21  1.90  2.53
0837  29.70 -11.22 17 51 45.369 -35 12  7.846  0.0073  0.0002 0.008 12.44  0.07  0.89
0838  29.88 -13.24 17 51 46.318 -35 14  8.965  0.0068  0.0048 0.001 12.24  0.32  0.43
0839  31.13 -11.88 17 51 52.386 -35 12 46.991  0.0007 -0.0012 0.057 12.28  0.67  1.36
0840  33.09 -10.18 17 52  1.953 -35 11  4.324  0.0043  0.0042 0.007 13.31  0.23  0.73
0841  39.97 -13.95 17 52 35.779 -35 14 47.026  0.0023  0.0024 0.000 10.86  0.27  0.36
0843  41.85 -10.75 17 52 44.845 -35 11 33.995  0.0075  0.0052 0.000 10.92  0.00  0.57
0847  43.21 -10.48 17 52 51.479 -35 11 17.236  0.0034 -0.0123 0.000 12.75  0.15  0.91
0909 -19.43  -8.10 17 47 44.944 -35 09  3.582 -0.0129 -0.0076 0.000 12.11  0.61  1.33
0910 -17.59  -8.50 17 47 53.927 -35 09 27.855  0.0006  0.0044 0.000 12.65  0.27  0.32
0911 -14.22  -7.40 17 48 10.447 -35 08 22.589 -0.0040  0.0129 0.000 11.12  0.16  0.50
0912 -13.83  -6.84 17 48 12.357 -35 07 48.972 -0.0025  0.0006 0.034 11.51  1.13  1.54
0913 -13.50  -9.53 17 48 13.917 -35 10 30.700 -0.0040  0.0056 0.000 12.89  0.35  0.51
0914 -12.69  -9.56 17 48 17.896 -35 10 32.312  0.0014  0.0004 0.013 11.69  0.08  0.75
0915 -11.82  -8.14 17 48 22.168 -35 09  7.647  0.0123 -0.0131 0.000 10.80  0.66  1.26
0916  -8.10  -6.46 17 48 40.376 -35 07 27.417  0.0000  0.0020 0.128 11.78  0.79  1.56
0917  -6.74  -5.04 17 48 47.035 -35 06  2.306  0.0057 -0.0050 0.026 12.13  0.27  0.94
0918  -4.90  -9.77 17 48 56.040 -35 10 46.002 -0.0003  0.0039 0.069 11.79  0.07  0.32
0920  -0.63  -8.52 17 49 16.918 -35 09 31.417 -0.0042  0.0018 0.303 12.45  0.25  1.03
0921   2.01  -5.50 17 49 29.808 -35 06 30.269 -0.0006  0.0048 0.226 10.20 -0.29  0.17
0922   3.97  -9.62 17 49 39.406 -35 10 37.395 -0.0003 -0.0061 0.109 11.25  1.70  2.09
0923   4.11  -6.68 17 49 40.110 -35 07 40.797 -0.0027  0.0000 0.486 12.56  0.20  0.49
0924   4.50  -7.96 17 49 41.996 -35 08 57.378 -0.0073 -0.0003 0.252 12.73  0.18  0.47
0925   4.54  -8.25 17 49 42.225 -35 09 15.087 -0.0011 -0.0007 0.444  8.60  0.34  0.21
0926   4.59  -5.38 17 49 42.431 -35 06 22.813  0.0018  0.0002 0.383 11.44  0.04  0.71
0927   5.47  -9.68 17 49 46.784 -35 10 40.775 -0.0003 -0.0004 0.387 12.12  0.08  0.70
0928   7.05  -5.40 17 49 54.463 -35 06 23.430  0.0024 -0.0030 0.314 10.55  0.09  0.54
0929   7.19  -9.03 17 49 55.162 -35 10  1.750  0.0042  0.0022 0.125 10.47  0.10  0.46
0930   8.30  -5.33 17 50  0.569 -35 06 19.196 -0.0001 -0.0184 0.000 13.19 -0.10  0.63
0931   8.44  -7.38 17 50  1.293 -35 08 22.348  0.0036 -0.0008 0.252 11.44  0.12  0.84
0932   9.65  -5.15 17 50  7.168 -35 06  8.494 -0.0013  0.0005 0.548  9.83  0.23  0.40
0933  11.41  -9.06 17 50 15.844 -35 10  2.563  0.0008  0.0024 0.327 13.18  0.00  0.41
0934  11.81  -8.38 17 50 17.762 -35 09 21.713  0.0086  0.0079 0.000 10.81  0.89  1.29
0935  15.92  -7.69 17 50 37.885 -35 08 39.757  0.0012  0.0023 0.331  9.74  0.16  0.32
0936  16.16  -5.44 17 50 39.015 -35 06 24.868  0.0004 -0.0035 0.389 12.27  0.14  0.82
0937  16.72  -8.20 17 50 41.806 -35 09 10.304  0.0019  0.0013 0.325  9.91  0.13  0.34
0938  19.25  -8.68 17 50 54.161 -35 09 38.791  0.0114  0.0094 0.000 11.10  0.29  0.49
0939  21.75  -9.74 17 51  6.441 -35 10 41.667  0.0060 -0.0004 0.069 12.13  0.11  0.81
0940  25.64  -5.58 17 51 25.381 -35 06 30.992 -0.0039 -0.0089 0.017 11.34  0.10  0.77
0941  26.56  -8.48 17 51 29.952 -35 09 24.617 -0.0025  0.0049 0.176 11.93  0.25  0.37
0942  26.89  -8.15 17 51 30.567 -35 09  4.495  0.0027  0.0030 0.133 11.25  0.00  0.58
0943  30.18  -7.63 17 51 47.613 -35 08 32.480  0.0015  0.0039 0.104  8.61  0.11  0.26
0944  31.09  -8.21 17 51 52.104 -35 09  6.531  0.0092 -0.0291 0.000 11.40  0.32  0.83
0945  32.26  -9.49 17 51 57.844 -35 10 23.059  0.0043  0.0021 0.027 10.01  0.18  0.29
0946  37.41  -7.92 17 52 22.988 -35 08 46.661  0.0058  0.0034 0.002 12.83  0.28  0.44
0947  42.59  -9.30 17 52 48.380 -35 10  7.020  0.0017  0.0018 0.000  9.87  2.04  2.11
0948  45.92  -8.30 17 53  4.657 -35 09  5.225  0.0094  0.0033 0.000 12.22  0.28  0.34
0988 -29.68  -0.47 17 46 55.012 -35 01 22.685  0.0014 -0.0008 0.000 12.18  0.29  0.25
0992 -20.17  -2.49 17 47 41.460 -35 03 26.844  0.0028  0.0056 0.000  7.39  0.09  0.17
0993 -20.05   0.00 17 47 42.054 -35 00 57.349 -0.0036  0.0044 0.000  9.90  0.32  0.59
0994 -19.45  -1.89 17 47 44.949 -35 02 51.190 -0.0018 -0.0046 0.000  8.91  0.28  0.61
0995 -15.97  -4.17 17 48  1.915 -35 05  8.509 -0.1538 -0.1276 0.000 12.09  0.14  0.77
0996 -15.30  -0.33 17 48  5.261 -35 01 18.577 -0.0013  0.0050 0.019  8.75  0.24  0.41
0997 -15.12  -4.51 17 48  6.068 -35 05 29.004  0.0025  0.0015 0.014 10.70  0.09  0.67
0998 -12.38  -2.71 17 48 19.508 -35 03 41.751 -0.0037 -0.0058 0.018 11.61  1.12  1.61
0999 -11.84  -1.66 17 48 22.144 -35 02  2.830 -0.0028 -0.0007 0.172 11.59  0.05  0.37
1000 -10.84  -1.29 17 48 27.019 -35 02 16.494  0.0204  0.0114 0.000 10.03  0.10  0.52
1001 -10.49  -4.42 17 48 28.716 -35 05 24.290  0.0002  0.0014 0.110  9.26  0.20  0.31
1002  -9.82  -0.84 17 48 32.023 -35 01 49.815 -0.0004  0.0013 0.256 12.06  0.71  1.34
1003  -9.32  -2.79 17 48 34.432 -35 03 46.794 -0.0005 -0.0080 0.019 10.69  1.77  2.03
1004  -9.30  -3.26 17 48 34.522 -35 04 15.152 -0.0066  0.0018 0.132  8.17 -0.18  0.21
1005  -8.42  -4.65 17 48 38.857 -35 05 38.853  0.0045 -0.0034 0.049 12.43  0.18  1.01
1006  -8.02  -0.91 17 48 40.829 -35 01 54.302  0.0054  0.0038 0.029 12.74  0.05  0.61
1007  -6.24  -0.07 17 48 49.528 -35 01  3.745 -0.0005 -0.0120 0.001 11.26  0.82  1.46
1008  -5.71  -4.22 17 48 52.107 -35 05 12.706  0.0013  0.0044 0.115 10.18  1.98  2.25
1009  -5.46  -2.58 17 48 53.319 -35 03 34.473  0.0019 -0.0005 0.291 12.41  0.36  0.60
1010  -5.17  -2.83 17 48 54.720 -35 03 49.827  0.0018  0.0001 0.294 11.88  0.39  0.62
1011  -2.95  -2.70 17 49  5.589 -35 03 41.706 -0.0023 -0.0504 0.000 10.97  0.21  0.83
1012  -2.54  -4.49 17 49  7.563 -35 05 29.179  0.0028  0.0039 0.117 10.15  1.70  1.83
1013   1.80  -3.46 17 49 28.802 -35 04 27.327  0.0009  0.0011 0.423 10.70  1.44  1.76
1014   4.31  -3.91 17 49 41.065 -35 04 54.251 -0.0024  0.0012 0.532  9.73  0.17  0.40
1015   4.95  -1.43 17 49 44.206 -35 02 25.457  0.0026 -0.0011 0.419 11.07  1.84  2.25
1016   8.49  -0.76 17 50  1.452 -35 01 45.195  0.0038 -0.0022 0.330 12.02  0.19  0.93
1017   8.66  -3.71 17 50  2.344 -35 04 42.055 -0.0050 -0.0028 0.394 12.75  0.17  0.65
1018  10.86  -0.93 17 50 13.062 -35 01 54.826  0.0008  0.0001 0.566 11.59  0.01  0.66
1019  11.94  -1.77 17 50 18.350 -35 02 45.356  0.0042 -0.0051 0.169 11.68  0.07  0.96
1020  12.06  -3.90 17 50 18.936 -35 04 53.271 -0.0009  0.0037 0.421 12.39  0.07  0.63
1021  12.48  -3.10 17 50 20.998 -35 04  5.074  0.0012 -0.0013 0.010 12.93  0.22  1.02
1024  15.40  -0.90 17 50 35.235 -35 01 52.590  0.0025 -0.0015 0.456 11.32  0.01  0.62
1025  18.17  -1.96 17 50 48.791 -35 02 55.667 -0.0004  0.0024 0.516 10.18  0.08  0.40
1026  19.12  -3.44 17 50 43.447 -35 04 24.099  0.0023  0.0101 0.004 12.52  0.09  0.70
1027  27.18  -3.93 17 51 32.866 -35 04 51.486  0.0013  0.0035 0.241  7.95  0.04  0.18
1028  29.97  -2.79 17 51 46.448 -35 03 41.778  0.0037 -0.0065 0.065 10.98  1.55  1.73
1029  30.78  -1.92 17 51 50.391 -35 02 49.160  0.0021 -0.0312 0.000 11.80 -0.03  0.57
1030  30.84  -3.73 17 51 50.718 -35 04 38.092  0.0091  0.0013 0.007 13.10 -0.05  0.81
1031  31.75  -3.65 17 51 55.172 -35 04 32.582  0.0065 -0.0027 0.049 13.18  0.11  0.39
1032  34.99  -0.24 17 52 10.889 -35 01  6.745  0.0009 -0.0001 0.004 12.78  0.12  0.90
1033  37.45  -0.29 17 52 22.928 -35 01  8.911  0.0046  0.0075 0.003  9.43  1.95  1.67
1034  38.59  -4.53 17 52 28.616 -35 05 22.768  0.0036  0.0101 0.000 13.64  0.21  0.45
1035  41.04  -1.54 17 52 40.502 -35 02 22.103  0.0014  0.0042 0.018  7.99  0.10  0.22
1036  41.40  -0.68 17 52 42.224 -35 01 30.213 -0.0145 -0.0777 0.000 11.02  0.14  0.66
1037  41.53  -0.07 17 52 42.805 -35 00 53.417  0.0026  0.0070 0.003 10.68 -0.23  0.37
1038  41.56  -2.42 17 52 43.085 -35 03 14.489  0.0052 -0.0581 0.000 12.49  0.02  0.83
1039  42.41  -1.71 17 52 47.210 -35 02 31.626  0.0015  0.0020 0.017  6.71 -0.10  0.17
1040  43.16  -0.31 17 52 50.788 -35 01  7.041  0.0014  0.0067 0.002 11.41 -0.15  0.02
1041  44.98  -4.05 17 52 59.865 -35 04 50.844  0.0126  0.0070 0.000 12.89  0.09  1.06
1042  48.09  -1.88 17 53 14.960 -35 02 38.672  0.0034  0.0034 0.000 12.99  0.18  0.55
1043  49.76  -1.56 17 53 23.062 -35 02 18.576  0.0083  0.0039 0.000 11.77  0.93  1.78
1044  50.10  -0.83 17 53 24.713 -35 01 34.663  0.0140  0.0010 0.000 11.90  0.05  0.62
1081 -23.54   3.83 17 47 25.123 -34 57  6.525  0.0016  0.0048 0.000 11.49  0.24  0.70
1082 -22.68   0.68 17 47 29.253 -35 00 15.834  0.0037  0.0027 0.000 11.26  0.06  0.72
1083 -20.38   3.16 17 47 40.535 -34 57 47.781  0.0054  0.0073 0.000 12.85  0.22  0.74
1084 -19.37   0.67 17 47 45.424 -35 00 17.525  0.0015 -0.0006 0.010 11.10  0.08  0.79
1085 -17.41   2.56 17 47 55.021 -34 58 24.279  0.0244 -0.0294 0.000 11.00  0.08  0.78
1086 -17.33   1.43 17 47 55.383 -34 59 32.604  0.0063  0.0003 0.003 12.17  0.17  0.82
1087 -16.27   1.93 17 48  0.583 -34 59  2.289  0.0091 -0.0234 0.000 13.10  0.01  0.75
1088 -13.63   0.31 17 48 13.449 -35 00 40.240 -0.0004  0.0019 0.106 11.15  0.03  0.60
1089 -13.26   2.22 17 48 15.249 -34 58 45.516 -0.0135 -0.0089 0.000 12.76  0.09  0.90
1090 -12.04   4.59 17 48 21.254 -34 56 23.739 -0.0039 -0.0012 0.285 12.33  0.16  0.64
1091 -10.91   1.71 17 48 26.716 -34 59 16.937  0.0092  0.0051 0.001 11.62  0.25  0.54
1092  -8.94   0.45 17 48 36.361 -35 00 32.392 -0.0222 -0.0088 0.000 11.41  0.26  0.82
1093  -7.24   1.92 17 48 44.638 -34 59  4.209 -0.0006 -0.0015 0.426 13.03  0.04  0.61
1094  -6.17   1.58 17 48 49.867 -34 59 24.720  0.0006 -0.0025 0.371  7.91  0.27  0.26
1095  -5.09   3.49 17 48 55.165 -34 57 30.261  0.0009 -0.0004 0.445  8.93  0.17  0.52
1096  -4.59   3.65 17 48 57.588 -34 57 20.811  0.0044  0.0131 0.000 11.64  1.03  1.80
1097  -4.20   3.22 17 48 59.482 -34 57 46.745 -0.0015  0.0004 0.530  7.72  0.10  0.25
1098  -3.18   4.40 17 49  4.460 -34 56 35.649  0.0010 -0.0026 0.437 11.49  0.32  0.46
1099  -1.59   3.98 17 49 12.243 -34 57  1.394 -0.0020  0.0028 0.515 12.50  0.20  0.38
1100  -0.85   2.29 17 49 15.857 -34 58 42.493 -0.0018  0.0018 0.553 12.43 -0.01  0.36
1101   0.68   2.72 17 49 23.319 -34 58 16.604  0.0019  0.0058 0.127 11.21  1.37  1.94
1102   0.77   4.83 17 49 23.749 -34 56 10.021  0.0095  0.0033 0.006 11.50  0.22  0.85
1103   2.67   1.07 17 49 33.049 -34 59 55.491 -0.0032 -0.0046 0.344 11.61  0.17  0.62
1104   3.11   0.51 17 49 35.164 -35 00 29.376  0.0005  0.0000 0.555  6.34 -0.03  0.17
1106   3.36   1.94 17 49 36.397 -34 59  3.590  0.0058 -0.0038 0.135 11.95  0.80  1.37
1107   3.53   4.71 17 49 37.215 -34 56 17.083  0.0046 -0.0002 0.290 11.41  0.22  0.84
1108   3.86   4.69 17 49 38.842 -34 56 18.460  0.0011  0.0021 0.503  9.29  0.11  0.42
1109   3.94   3.94 17 49 39.205 -34 57  3.643  0.0063 -0.0011 0.150 12.22  0.11  0.91
1110   5.35   0.47 17 49 46.115 -35 00 31.732  0.0000  0.0021 0.531 12.59  0.35  0.35
1111   5.67   2.49 17 49 47.685 -34 58 30.372  0.0014 -0.0015 0.541 10.55  0.05  0.48
1112   6.52   2.33 17 49 51.817 -34 58 39.700  0.0063  0.0070 0.008 11.78  0.15  0.68
1113   8.16   1.44 17 49 59.845 -34 59 33.366  0.0007  0.0019 0.533 11.78  0.30  0.44
1114   8.54   1.09 17 50  1.685 -34 59 53.908  0.0012 -0.0046 0.373 11.55  0.09  0.76
1115   8.77   0.58 17 50  2.819 -35 00 24.447  0.0009  0.0008 0.559  7.14 -0.14  0.17
1116  11.89   3.39 17 50 18.035 -34 57 35.778  0.0014  0.0009 0.569 10.55 -0.05  0.56
1117  12.67   1.46 17 50 21.872 -34 59 31.622  0.0043 -0.0015 0.332 12.07  0.07  0.82
1118  13.82   1.33 17 50 27.461 -34 59 39.213  0.0041 -0.0028 0.318 12.58  0.43  0.83
1119  17.58   1.79 17 50 45.837 -34 59 10.440  0.0000  0.0054 0.282 12.35  0.33  0.31
1120  17.87   4.87 17 50 47.166 -34 56  5.614 -0.0055 -0.0093 0.017 12.42  0.04  0.84
1121  20.86   1.10 17 51  1.858 -34 59 51.250 -0.0027 -0.0014 0.612 10.72  1.36  1.68
1122  23.78   0.64 17 51 16.114 -35 00 18.048  0.0106 -0.0018 0.007 12.81  0.27  0.99
1123  25.15   2.84 17 51 22.755 -34 58  5.445  0.0040 -0.0014 0.319 11.76  0.06  0.59
1124  26.02   2.38 17 51 27.031 -34 58 33.215  0.0005  0.0007 0.543 10.01  0.15  0.30
1125  27.46   2.33 17 51 34.068 -34 58 35.462  0.0053  0.0030 0.096 12.30  0.21  0.37
1126  27.89   4.84 17 51 36.057 -34 56  4.559  0.0027  0.0053 0.123 12.38  0.12  0.59
1127  28.93   2.46 17 51 41.213 -34 58 27.566  0.0032  0.0022 0.252  9.68  0.08  0.26
1128  29.45   4.19 17 51 43.700 -34 56 43.467  0.0012  0.0021 0.415 11.57  0.16  0.98
1129  32.83   4.86 17 52  0.165 -34 56  1.789  0.0046  0.0019 0.138 12.78  0.46  0.70
1130  35.57   4.44 17 52 13.546 -34 56 25.677  0.0036 -0.0055 0.097 13.08 -0.05  0.82
1131  39.41   1.87 17 52 32.388 -34 58 58.279 -0.0017 -0.0070 0.031  9.76  0.04  0.40
1132  39.91   3.82 17 52 34.759 -34 57  1.031 -0.0099  0.0125 0.000 11.48  1.74  2.33
1133  41.85   2.39 17 52 44.305 -34 58 25.840  0.0034 -0.0028 0.035 12.41  0.08  0.52
1134  46.96   3.88 17 53  9.147 -34 56 53.997  0.0107 -0.0116 0.000 11.71  0.11  0.56
1135  48.80   1.45 17 53 18.261 -34 59 18.578  0.0104  0.0052 0.000 12.43  0.19  0.38
1136  49.06   2.09 17 53 19.496 -34 58 39.915  0.0056  0.0048 0.000 10.11  0.11  0.43
1137  49.93   0.82 17 53 23.808 -34 59 55.781  0.0157  0.0027 0.000 12.29  0.27  1.02
1138  50.64   1.00 17 53 27.266 -34 59 44.619  0.0104  0.0135 0.000 13.06  0.01  0.62
1139  50.70   3.10 17 53 27.438 -34 57 38.190  0.0021  0.0015 0.000 12.96  0.29  0.52
1176 -25.60   7.28 17 47 15.165 -34 53 39.067 -0.0020  0.0015 0.000 12.34  0.35  0.54
1177 -24.54   6.88 17 47 20.324 -34 54  3.737  0.0035 -0.0018 0.000 12.50  0.07  0.85
1178 -24.38   6.25 17 47 21.079 -34 54 41.109 -0.0028  0.0044 0.000 10.59  0.26  0.66
1180 -24.31   8.96 17 47 21.491 -34 51 59.102  0.0024 -0.0159 0.000 12.78 -0.01  0.77
1181 -23.51   5.42 17 47 25.285 -34 55 31.574 -0.0005  0.0027 0.000 11.26  0.32  0.43
1182 -22.93   6.56 17 47 28.173 -34 54 23.229  0.0000  0.0010 0.000 12.55  0.16  1.02
1183 -22.85   7.55 17 47 28.589 -34 53 23.967  0.0013  0.0045 0.000 12.80  0.36  0.91
1184 -22.51   9.94 17 47 30.284 -34 51  0.330 -0.0002  0.0025 0.000 12.04  0.38  0.51
1185 -22.30   5.25 17 47 31.219 -34 55 42.000 -0.0010  0.0054 0.000 12.86  0.09  0.71
1186 -22.13   5.47 17 47 32.056 -34 55 29.021  0.0076  0.0066 0.000 11.99  0.88  1.62
1187 -18.57   5.58 17 47 49.403 -34 55 23.338  0.0101  0.0014 0.000 12.36  0.15  0.84
1188 -17.58   6.60 17 47 54.247 -34 54 22.045  0.0076  0.0057 0.000 12.21  1.05  1.80
1189 -15.39   5.87 17 48  4.899 -34 55  6.638  0.0011  0.0046 0.044 12.35  0.27  0.37
1190 -12.88   9.04 17 48 17.202 -34 51 56.760  0.0003 -0.0015 0.298 11.42  0.97  1.52
1191 -10.18   7.79 17 48 30.335 -34 53 11.723 -0.0010  0.1092 0.000 12.33  0.27  0.55
1192  -9.85   5.03 17 48 31.926 -34 55 57.854  0.0012  0.0002 0.333 10.45  0.08  0.72
1193  -8.89   8.44 17 48 36.672 -34 52 33.210  0.0068  0.0045 0.014 13.04  0.02  0.57
1194  -7.74   6.86 17 48 42.235 -34 54  8.137  0.0044  0.0062 0.023 10.51  1.25  1.53
1195  -7.23   5.99 17 48 44.742 -34 55  0.053 -0.0026  0.0012 0.489  8.27  0.33  0.36
1196  -6.26   8.02 17 48 49.494 -34 52 58.424 -0.0001 -0.0025 0.448  8.50  0.33  0.46
1197  -0.59   6.52 17 49 17.120 -34 54 29.025 -0.0031  0.0007 0.620 12.30  0.12  0.79
1198  -0.03   5.09 17 49 19.840 -34 55 54.449 -0.0015  0.0051 0.335 10.82  1.68  2.12
1199   0.08   5.90 17 49 20.411 -34 55  5.981 -0.0020  0.0006 0.630  7.91  0.11  0.25
1200   0.64   6.56 17 49 23.109 -34 54 26.217  0.0012 -0.0085 0.063 12.54  0.08  0.84
1201   2.22   9.43 17 49 30.800 -34 51 34.026  0.0008 -0.0117 0.005 12.14  0.13  0.91
1202   3.43   6.82 17 49 36.712 -34 54 10.843 -0.0010 -0.0025 0.599 12.18  0.03  0.74
1203   7.50   8.38 17 49 56.584 -34 52 36.569 -0.0100  0.0062 0.107 12.32  0.22  0.53
1204   8.01   6.03 17 49 59.054 -34 54 57.635  0.0019  0.0006 0.562 10.80  0.02  0.60
1205   8.37   7.02 17 50  0.808 -34 53 58.302  0.0004 -0.0043 0.501 12.28  0.14  0.80
1206   8.42   7.31 17 50  1.066 -34 53 41.118 -0.0001 -0.0003 0.694 11.84  0.18  0.98
1207   8.83   7.89 17 50  3.079 -34 53  5.843  0.0007  0.0009 0.665  5.55  0.94  1.19
1208   9.82   7.64 17 50  7.870 -34 53 21.295  0.0001  0.0015 0.680  9.71 -0.01  0.50
1209  10.53   5.23 17 50 11.384 -34 55 45.487  0.0007  0.0013 0.619 10.71 -0.02  0.47
1210  11.18   9.66 17 50 14.510 -34 51 19.358 -0.0020  0.0030 0.730  7.33  0.04  0.15
1211  13.27   7.93 17 50 24.690 -34 53  3.352 -0.0033 -0.0029 0.671 12.37  0.03  0.71
1212  14.55   7.87 17 50 30.952 -34 53  6.260  0.0004 -0.0006 0.727  9.90  0.12  0.44
1213  17.65   5.93 17 50 46.089 -34 55  2.170 -0.0003  0.0007 0.678 12.01  0.20  0.42
1214  18.19   9.22 17 50 48.674 -34 51 44.633  0.0008 -0.0022 0.669 12.20  0.12  0.72
1215  19.07   5.13 17 50 53.054 -34 55 49.790  0.0019 -0.0027 0.514 12.14  0.04  0.85
1216  20.86   8.79 17 51  1.715 -34 52 10.001  0.0018  0.0007 0.578  6.93 -0.17  0.20
1217  21.88   7.79 17 51  6.691 -34 53  9.501  0.0026  0.0039 0.290 12.78 -0.05  0.40
1218  23.59  10.01 17 51 14.992 -34 50 55.784 -0.0007  0.0003 0.670  9.03  0.11  0.29
1219  23.94   9.64 17 51 16.692 -34 51 17.878  0.0046  0.0137 0.000  8.54  1.61  1.98
1220  24.20   5.30 17 51 18.087 -34 55 38.165 -0.0005 -0.0018 0.604 11.00  0.05  0.56
1221  24.58   8.86 17 51 19.842 -34 52  4.540  0.0057 -0.0112 0.003 11.98  0.09  0.86
1222  26.58   9.22 17 51 29.574 -34 51 42.229 -0.0062 -0.0028 0.378 12.31  0.07  0.80
1223  27.28   7.99 17 51 32.999 -34 52 56.332  0.0024  0.0014 0.426 11.43  0.04  0.60
1224  28.45   9.41 17 51 38.702 -34 51 30.491 -0.0032  0.0012 0.615 10.66  1.30  1.45
1225  30.84   9.04 17 51 50.320 -34 51 51.909  0.0067  0.0079 0.002 12.92  0.06  0.66
1226  30.84   9.19 17 51 50.315 -34 51 43.114  0.0094 -0.0009 0.017 12.65  0.14  0.85
1227  31.20   9.67 17 51 52.083 -34 51 13.914  0.0011  0.0061 0.129 12.61  0.22  0.50
1228  31.85   9.91 17 51 55.220 -34 50 59.424  0.0049 -0.0017 0.209 12.16  0.07  0.84
1229  32.10   9.69 17 51 56.447 -34 51 12.478  0.0031  0.0030 0.221 11.45  1.77  2.41
1230  32.34   5.30 17 51 57.786 -34 55 35.379  0.0032  0.0021 0.232 10.24  0.15  0.32
1231  33.88   6.89 17 52  5.213 -34 53 59.901 -0.0022  0.0022 0.463 12.80  0.13  0.65
1232  33.91   5.69 17 52  5.421 -34 55 11.642  0.0023  0.0001 0.339 10.58  0.31  0.26
1233  37.83   9.02 17 52 24.401 -34 51 50.071  0.0024  0.0070 0.026 10.75  0.00  0.34
1234  38.96   6.31 17 52 30.013 -34 54 32.308 -0.0001  0.0020 0.278 12.47  0.08  0.68
1235  39.45   8.74 17 52 32.324 -34 52  5.933  0.0051  0.0028 0.048 11.19  1.17  1.79
1236  41.60   8.51 17 52 42.817 -34 52 18.642  0.0052  0.0056 0.007 11.78  0.46  0.71
1237  43.91   5.76 17 52 54.208 -34 55  2.616  0.0048  0.0058 0.002 10.29  0.17  0.48
1238  47.21   5.51 17 53 10.316 -34 55 15.614  0.0190  0.0101 0.000 13.10  0.15  0.88
1239  50.72   7.95 17 53 27.310 -34 52 47.344  0.0097  0.0022 0.000 13.19  0.13  0.49
1240  51.71   7.21 17 53 32.179 -34 53 31.412  0.0130  0.0110 0.000 12.17  0.21  0.99
1241  52.09   6.02 17 53 34.059 -34 54 42.396  0.0141  0.0058 0.000 13.19 -0.11  0.66
1300 -19.66  11.22 17 47 44.176 -34 49 44.334  0.0002  0.0066 0.003 11.25  0.37  0.60
1301 -19.17  12.30 17 47 46.626 -34 48 39.569  0.0108 -0.0030 0.000 12.39  0.26  1.00
1302 -18.97  10.19 17 47 47.540 -34 50 46.433  0.0045 -0.0014 0.011 12.68  0.21  0.96
1303 -18.71  13.11 17 47 48.854 -34 47 51.268  0.0044  0.0020 0.010 12.24  0.47  0.69
1304 -17.50  10.47 17 47 54.710 -34 50 30.091 -0.0003 -0.0012 0.080 13.76  0.35 -0.58
1305 -17.15  12.49 17 47 56.437 -34 48 28.553 -0.0054  0.0060 0.027  9.29 -0.58  0.14
1306 -15.48  14.67 17 48  4.601 -34 46 18.466 -0.0048 -0.0028 0.124 10.96  0.29  0.28
1307 -14.03  14.74 17 48 11.665 -34 46 14.357  0.0023  0.0020 0.151 11.68  0.34  0.58
1308 -13.58  10.76 17 48 13.828 -34 50 12.981 -0.0128 -0.0092 0.000 11.41  0.01  0.74
1309 -11.67  13.09 17 48 23.147 -34 47 53.909  0.0002 -0.0004 0.380 10.09  0.88  1.24
1310 -10.62  10.37 17 48 28.239 -34 50 36.900  0.0050  0.0009 0.114 10.78  0.59  1.47
1311  -9.95  11.54 17 48 31.507 -34 49 27.084 -0.0013 -0.0015 0.450  9.73  0.12  0.33
1313  -9.47  13.88 17 48 33.891 -34 47  6.475  0.0027 -0.0035 0.238 10.96 -0.05  0.64
1314  -6.41  14.87 17 48 48.806 -34 46  7.395  0.0060  0.0027 0.065  9.36  1.74  1.69
1315  -5.45  13.74 17 48 53.435 -34 47 15.297 -0.0007  0.0018 0.525  5.77 -0.60  0.03
1316  -5.00  13.13 17 48 55.651 -34 47 51.841  0.0046  0.0001 0.234 12.47  0.08  0.40
1317  -2.63  10.69 17 49  7.199 -34 50 18.284  0.0045  0.0039 0.114  8.08  0.17  0.72
1318  -2.23  11.80 17 49  9.137 -34 49 12.020  0.0013 -0.0048 0.333 12.82  0.02  0.59
1319  -2.00  14.06 17 49 10.264 -34 46 56.470  0.0046 -0.0007 0.280 12.59  0.23  0.92
1320  -1.58  10.96 17 49 12.279 -34 50  2.416 -0.0027 -0.0161 0.000 12.32  0.05  0.71
1321   0.09  13.41 17 49 20.445 -34 47 35.355  0.0024  0.0023 0.398 10.31  0.04  0.53
1322   1.90  12.05 17 49 29.244 -34 48 56.794 -0.0039 -0.0028 0.545 11.06  1.33  1.72
1323   2.11  10.07 17 49 30.293 -34 50 56.062  0.0041  0.0074 0.023 12.61  0.21  0.44
1324   3.24  10.81 17 49 35.768 -34 50 11.565  0.0034 -0.0008 0.447 12.01  0.75  1.65
1325   4.39  13.60 17 49 41.373 -34 47 23.665 -0.0051  0.0013 0.647 11.71  0.22  0.84
1326   6.43  11.96 17 49 51.310 -34 49  2.337 -0.0019  0.0011 0.739  9.26  0.10  0.33
1327   6.78  14.96 17 49 53.000 -34 46  2.366 -0.0083 -0.0216 0.000 11.48 -0.05  0.60
1328  10.36  12.62 17 50 10.461 -34 48 22.380  0.0035  0.0000 0.640 10.44  0.08  0.55
1329  11.70  13.78 17 50 16.989 -34 47 12.644  0.0040 -0.0001 0.670 11.58  0.11  0.72
1330  11.74  12.48 17 50 17.188 -34 48 30.330 -0.0004  0.0014 0.837 10.25  0.13  0.34
1331  13.12  11.67 17 50 23.905 -34 49 18.571 -0.0001  0.0017 0.818  9.56  0.07  0.42
1332  13.12  13.90 17 50 23.921 -34 47  4.737 -0.0007  0.0010 0.894  6.98 -0.17 -0.03
1333  13.34  12.68 17 50 24.994 -34 48 18.230  0.0018 -0.0017 0.808 10.27  0.13  0.35
1334  13.38  14.96 17 50 25.169 -34 46  1.158  0.0010  0.0002 0.872 10.75 -0.04  0.45
1335  13.41  14.41 17 50 25.312 -34 46 34.458  0.0007  0.0016 0.874  6.29 -0.06  0.05
1336  13.24  10.96 17 50 24.542 -34 50  1.475  0.0014  0.0003 0.775 10.69  0.09  0.51
1337  13.68  10.78 17 50 26.677 -34 50 11.957 -0.0003  0.0000 0.822  7.76  0.14  0.07
1338  15.28  13.22 17 50 34.432 -34 47 45.213  0.0014  0.0011 0.799 12.33  0.22  0.31
1339  15.54  14.48 17 50 35.696 -34 46 29.591 -0.0019 -0.0034 0.800 12.02  0.24  0.39
1340  15.98  11.68 17 50 37.852 -34 49 17.658  0.0026 -0.0043 0.572  6.50 -0.13  0.05
1341  17.61  13.57 17 50 45.746 -34 47 23.636 -0.0046  0.0060 0.490 11.20  0.36  0.49
1342  18.49  14.23 17 50 50.034 -34 46 44.312 -0.0026  0.0051 0.574 10.78  0.35  0.35
1343  18.59  13.55 17 50 50.526 -34 47 25.005 -0.0003  0.0019 0.745  9.39  0.03  0.17
1344  19.01  13.22 17 50 52.573 -34 47 44.624  0.0042  0.0035 0.285 12.17  0.03  0.78
1345  19.03  12.11 17 50 52.724 -34 48 51.402  0.0014  0.0026 0.603  7.40 -0.04  0.27
1346  19.20  10.73 17 50 53.548 -34 50 14.155 -0.0002  0.0030 0.637  9.71  0.13  0.20
1347  20.32  14.63 17 50 58.953 -34 46 19.576  0.0042 -0.0096 0.028 13.14  0.26  0.76
1348  20.53  13.77 17 50 59.993 -34 47 11.104  0.0048 -0.0011 0.383 12.45  0.16  0.96
1349  21.99  14.78 17 51  7.067 -34 46 10.018  0.0008 -0.0002 0.663  9.59  0.14  0.27
1350  24.06  14.37 17 51 17.184 -34 46 34.116  0.0050 -0.0008 0.292 13.04 -0.02  0.69
1351  24.98  14.82 17 51 21.652 -34 46  7.041  0.0010 -0.0004 0.605 13.12  0.25  0.54
1352  26.92  10.84 17 51 31.170 -34 50  5.117  0.0002 -0.0002 0.612  9.65  0.09  0.26
1353  28.61  11.31 17 51 39.386 -34 49 36.493 -0.0012  0.0034 0.498 11.26  1.80  2.44
1354  28.62  12.13 17 51 39.421 -34 48 47.292  0.0009  0.0028 0.450 11.52  1.09  1.68
1355  28.82  13.58 17 51 40.354 -34 47 20.265  0.0018  0.0015 0.466 12.46  0.04  0.65
1356  29.86  14.89 17 51 45.390 -34 46  1.437  0.0055  0.0004 0.176 11.39  1.93  2.22
1357  31.22  11.26 17 51 52.141 -34 49 38.494  0.0062  0.0013 0.100 11.18  0.00  0.54
1358  31.28  11.79 17 51 52.417 -34 49  6.645 -0.0058  0.0036 0.399 13.05 -0.02  0.76
1359  31.80  14.31 17 51 54.861 -34 46 35.492  0.0023  0.0023 0.341 12.98  0.06  0.45
1360  35.20  10.54 17 52 11.534 -34 50 19.890  0.0007  0.0060 0.110 10.70 -0.06  0.12
1361  36.65  11.08 17 52 18.601 -34 49 47.326  0.0065  0.0036 0.025 12.65  0.04  0.55
1362  42.06  11.82 17 52 44.918 -34 49  0.323  0.0061  0.0083 0.001 13.54  0.23  0.63
1364  47.86  11.90 17 53 13.169 -34 48 51.993  0.0102  0.0041 0.000 11.82  0.04  0.69
1399 -33.29  18.80 17 46 38.045 -34 42  5.177  0.0026  0.0027 0.000 13.02  0.40  0.59
1405 -24.44  18.43 17 47 21.090 -34 42 30.762 -0.0035  0.0017 0.000 11.59  0.18  0.36
1406 -22.67  15.19 17 47 29.602 -34 45 45.737  0.0073 -0.0019 0.000 11.61  0.20  1.01
1407 -21.40  16.47 17 47 35.809 -34 44 29.208 -0.0001  0.0024 0.022 12.99  0.28  0.73
1408 -19.56  18.62 17 47 44.838 -34 42 20.666  0.0030  0.0067 0.001 11.59  0.29  0.56
1409 -17.54  18.56 17 47 54.668 -34 42 24.329  0.0011  0.0004 0.063 12.35  0.27  0.39
1410 -14.55  17.75 17 48  9.187 -34 43 13.578 -0.0005  0.0026 0.194  9.75  1.92  2.09
1411  -8.81  18.39 17 48 37.145 -34 42 36.039 -0.0095 -0.0218 0.000 12.98  0.06  0.67
1412  -7.62  17.46 17 48 42.912 -34 43 31.763 -0.0024  0.0041 0.352 12.68  0.44  0.64
1413  -5.65  17.68 17 48 52.521 -34 43 18.728 -0.0006  0.0026 0.467 12.94  0.32  0.59
1414  -5.09  17.88 17 48 55.233 -34 43  6.896 -0.0130 -0.0174 0.000 12.20  0.25  0.98
1415  -4.54  16.99 17 48 57.901 -34 44  0.716  0.0031  0.0041 0.171 12.58  0.28  0.56
1416  -3.58  18.35 17 49  2.590 -34 42 38.645  0.0002  0.0014 0.535 12.61  0.15  0.30
1417  -3.13  17.89 17 49  4.780 -34 43  6.334  0.0186 -0.0248 0.000 11.95  0.23  0.88
1418  -3.36  16.74 17 49  3.622 -34 44 15.347  0.0029 -0.0032 0.345 12.84  0.09  0.71
1419  -1.39  15.78 17 49 13.208 -34 45 13.044 -0.0004 -0.0061 0.254 12.72  0.00  0.70
1420  -0.73  17.01 17 49 16.456 -34 43 59.429 -0.0077 -0.0123 0.000 11.12  1.35  1.59
1421   1.01  15.89 17 49 24.918 -34 45  6.618  0.0001 -0.0015 0.616  9.71  0.19  0.32
1422   2.94  15.21 17 49 34.316 -34 45 47.088  0.0012 -0.0009 0.609 10.80 -0.04  0.50
1423   4.31  15.57 17 49 40.965 -34 45 25.436 -0.0035  0.0084 0.108 12.00  0.15  0.84
1424   5.02  15.96 17 49 44.454 -34 45  2.025 -0.0017 -0.0020 0.686  8.95  0.17  0.27
1425   5.61  16.76 17 49 47.312 -34 44 14.312 -0.0007 -0.0034 0.613  9.19  0.15  0.20
1426   5.91  15.76 17 49 48.774 -34 45 14.116  0.0027 -0.0014 0.567 11.07  0.00  0.58
1427   7.31  18.99 17 49 55.559 -34 42  0.378  0.0136  0.0066 0.000 12.53 -0.04  0.60
1428   8.11  17.76 17 49 59.471 -34 43 13.963 -0.0026 -0.0044 0.572  6.18 -0.36 -0.06
1429  10.12  17.13 17 50  9.276 -34 43 51.492  0.0093  0.0027 0.023 10.05  2.06  1.76
1430  10.28  16.01 17 50 10.051 -34 44 58.742 -0.0006 -0.0007 0.829  9.16  0.08  0.04
1431  10.78  15.58 17 50 12.467 -34 45 24.568  0.0013  0.0011 0.782  8.97  0.09  0.34
1432  10.86  16.35 17 50 12.874 -34 44 38.400 -0.0040  0.0001 0.833  8.81  0.28 -0.05
1433  10.86  16.60 17 50 12.876 -34 44 23.437  0.0012  0.0029 0.693  9.55  0.32  0.19
1434  11.65  17.37 17 50 16.674 -34 43 36.819  0.0005 -0.0006 0.809  8.24 -0.03  0.05
1435  13.01  15.29 17 50 23.344 -34 45 41.483  0.0041  0.0005 0.686 10.84  0.06  0.39
1436  13.31  15.83 17 50 24.788 -34 45  9.020 -0.0018  0.0010 0.884  9.07  0.17 -0.09
1437  15.33  16.39 17 50 34.623 -34 44 35.148 -0.0013  0.0056 0.584  6.08 -0.18  0.01
1438  15.80  15.50 17 50 36.937 -34 45 28.386 -0.0004 -0.0061 0.539 12.87  0.09  0.87
1439  15.95  17.28 17 50 37.643 -34 43 41.369  0.0013  0.0025 0.693 11.83  0.15  0.45
1440  17.20  17.44 17 50 43.696 -34 43 31.579  0.0011  0.0018 0.704  8.58  0.01  0.04
1441  17.24  19.23 17 50 43.853 -34 41 44.416  0.0256 -0.0554 0.000  9.83  0.93  0.99
1442  17.62  18.90 17 50 45.726 -34 42  4.326  0.0009 -0.0035 0.627 12.63  0.14  0.83
1443  17.66  15.83 17 50 45.972 -34 45  8.521 -0.0046 -0.0036 0.632  8.77  0.13  0.23
1444  18.36  17.02 17 50 49.355 -34 43 56.906 -0.0139 -0.0122 0.000 11.90  0.04  0.68
1445  19.37  17.86 17 50 54.278 -34 43  6.391  0.0005  0.0000 0.715  6.97 -0.05  0.10
1446  21.08  17.52 17 51  2.601 -34 43 25.875  0.0043  0.0006 0.379 12.36  0.10  0.80
1447  21.80  19.27 17 51  6.055 -34 41 40.658  0.0088 -0.0002 0.039 12.60  0.14  0.96
1448  22.99  16.25 17 51 11.920 -34 44 41.854  0.0008 -0.0032 0.557 10.81  0.07  0.49
1449  23.30  16.55 17 51 13.397 -34 44 24.005  0.0000 -0.0002 0.667  9.62  0.17  0.20
1450  23.47  15.78 17 51 14.266 -34 45  9.612  0.0032 -0.0024 0.446 11.21  0.08  0.52
1451  23.76  15.63 17 51 15.658 -34 45 18.530 -0.0007  0.0021 0.630 12.42  0.39  0.49
1452  26.10  17.90 17 51 26.992 -34 43  1.735  0.0023 -0.0118 0.004 12.31  0.28  0.83
1453  26.96  15.08 17 51 31.285 -34 45 50.562  0.0106  0.0015 0.005 12.57  0.06  0.73
1454  27.24  16.37 17 51 32.620 -34 44 33.398 -0.0018  0.0024 0.593  8.41  0.04  0.09
1455  29.31  16.08 17 51 42.695 -34 44 50.106 -0.0019  0.0057 0.286 11.78  0.09  0.62
1456  34.75  18.60 17 52  9.086 -34 42 16.843  0.0016 -0.0007 0.399 10.46  1.64  1.68
1457  36.59  19.68 17 52 17.986 -34 41 11.108  0.0020  0.0039 0.170 12.81  0.36  0.66
1458  37.00  16.51 17 52 20.107 -34 44 21.151  0.0080 -0.0029 0.027 12.87  0.22  1.07
1459  38.74  19.70 17 52 28.458 -34 41  9.151  0.0031  0.0027 0.132 10.38 -0.02  0.55
1460  38.84  18.79 17 52 28.956 -34 42  3.718  0.0051  0.0015 0.078 11.93  0.08  0.71
1461  46.12  15.95 17 53  4.499 -34 44 50.065  0.0071  0.0033 0.001  9.23  0.15  0.18
1462  46.21  16.19 17 53  4.924 -34 44 35.769  0.0071  0.0073 0.000 12.74  0.44  0.63
1463  49.01  17.45 17 53 18.499 -34 43 18.614  0.0038  0.0047 0.001 12.01  0.87  1.72
1465  52.48  16.05 17 53 35.446 -34 44 40.056  0.0004  0.0033 0.000  9.01 -0.21  0.14
1466  52.53  18.70 17 53 35.555 -34 42  1.067  0.0164  0.0057 0.000 13.21  0.15  0.98
1496 -25.74  20.92 17 47 14.821 -34 40  0.984  0.0058 -0.0067 0.000 11.54  1.02  1.82
1497 -22.91  20.94 17 47 28.602 -34 40  0.298  0.0001 -0.0023 0.000 12.48  0.19  0.35
1498 -22.37  24.79 17 47 31.282 -34 36  9.899 -0.0013  0.0043 0.000 12.41  0.52  1.35
1499 -21.74  22.06 17 47 34.313 -34 38 53.316  0.0135 -0.0379 0.000 12.23  0.30  1.03
1500 -20.39  21.14 17 47 40.852 -34 39 49.257  0.0029  0.0054 0.003 12.77  0.20  0.44
1501 -19.96  23.97 17 47 43.007 -34 36 59.706  0.0051 -0.0091 0.000 12.09  0.24  0.92
1502 -19.34  20.02 17 47 45.936 -34 40 56.411  0.0062 -0.0087 0.000 12.43  0.19  0.99
1503 -18.41  23.51 17 47 50.531 -34 37 27.656 -0.0003  0.0006 0.030 12.99  0.30  0.41
1504 -14.32  24.25 17 48 10.418 -34 36 43.812  0.0063  0.0046 0.005 12.04  0.24  0.59
1505 -11.95  20.39 17 48 21.866 -34 40 35.686  0.0046  0.0006 0.111 12.78  0.38  0.62
1506 -11.75  24.91 17 48 22.891 -34 36  4.714  0.0087 -0.0014 0.010 10.47  0.17  0.61
1507 -10.61  21.47 17 48 28.421 -34 39 31.126 -0.0013 -0.0050 0.193 11.35  0.30  0.50
1508  -8.62  24.10 17 48 38.096 -34 36 53.539 -0.0007 -0.0019 0.417 11.15  1.81  2.28
1509  -6.82  22.36 17 48 46.817 -34 38 38.119  0.0017 -0.0025 0.353  9.10  0.20  0.29
1510  -6.32  24.64 17 48 49.300 -34 36 21.534 -0.0020  0.0075 0.077 11.54  0.13  0.65
1511  -5.45  21.57 17 48 53.493 -34 39 25.919  0.0029  0.0026 0.241 10.11  0.27  0.29
1512  -4.70  23.94 17 48 57.172 -34 37  3.292 -0.0018  0.0008 0.537 11.30  1.57  2.13
1513  -4.33  22.12 17 48 58.964 -34 38 52.507  0.0195 -0.0189 0.000 12.32  0.19  1.08
1514  -4.18  24.60 17 48 59.678 -34 36 23.853 -0.0004  0.0007 0.513  8.35  0.44  0.36
1515  -3.93  24.60 17 49  0.902 -34 36 23.823  0.0028 -0.0014 0.350 11.18  0.15  0.61
1516  -0.86  23.22 17 49 15.838 -34 37 46.918 -0.0031  0.0006 0.611 11.96  0.28  0.37
1517  -0.27  22.53 17 49 18.705 -34 38 28.393  0.0075 -0.0042 0.053 12.96 -0.18  0.71
1518   0.02  24.27 17 49 20.111 -34 36 43.961  0.0046  0.0005 0.246 11.64  0.30  1.14
1519   1.01  24.17 17 49 24.929 -34 36 49.937  0.0006  0.0046 0.306 11.11 -0.01  0.51
1520   1.02  23.12 17 49 24.949 -34 37 52.700 -0.0057  0.0025 0.504 10.62  0.10  0.26
1521   1.37  20.68 17 49 26.667 -34 40 19.322  0.0007 -0.0011 0.591 11.90  0.11  0.86
1522   1.81  23.54 17 49 28.802 -34 37 27.710  0.0027 -0.0028 0.409 10.32  0.08  0.53
1523   2.10  24.35 17 49 30.194 -34 36 39.171  0.0030 -0.0031 0.370 12.19  0.15  0.95
1524   3.99  21.10 17 49 39.406 -34 39 53.763 -0.0032 -0.0032 0.543 12.58  0.14  0.64
1525   4.13  22.13 17 49 40.082 -34 38 52.379 -0.0079  0.0015 0.403 12.63  0.18  0.46
1526   4.38  21.67 17 49 41.293 -34 39 19.509 -0.0024 -0.0011 0.664 11.60  0.27  0.21
1527   5.81  20.42 17 49 48.247 -34 40 34.886  0.0044 -0.0034 0.309 12.50  0.15  0.75
1528   6.51  23.64 17 49 51.632 -34 37 21.168  0.0107 -0.0060 0.004 13.21  0.22  0.55
1529   6.56  20.92 17 49 51.917 -34 40  4.453  0.0025 -0.0024 0.511 12.01  0.15  0.85
1530   6.90  24.19 17 49 53.537 -34 36 48.396  0.0013 -0.0055 0.311 11.59  0.25  0.22
1531   7.01  20.04 17 49 54.081 -34 40 57.274  0.0007  0.0001 0.667 10.73  0.10  0.49
1532   7.42  24.37 17 49 56.065 -34 36 37.769  0.0025 -0.0046 0.341  7.80 -0.03 -0.07
1533   7.81  24.08 17 49 57.963 -34 36 54.945  0.0052 -0.0038 0.209 11.68  0.08  0.56
1534   8.42  24.75 17 50  0.933 -34 36 14.892 -0.0032 -0.0024 0.599 12.58  0.15  0.84
1535  10.10  20.09 17 50  9.134 -34 40 54.177  0.0038  0.0003 0.492  7.54  0.02  0.04
1536  12.34  21.51 17 50 19.989 -34 39 28.413  0.0069 -0.0085 0.020 12.70  0.13  0.97
1537  14.08  24.78 17 50 28.425 -34 36 11.978 -0.0012  0.0008 0.683 10.60  0.06  0.60
1538  15.51  24.16 17 50 35.388 -34 36 49.130  0.0056  0.0005 0.220 12.15  0.10  0.64
1539  16.09  23.79 17 50 38.186 -34 37 11.045  0.0027 -0.0020 0.505 12.26  0.15  0.78
1540  17.31  24.68 17 50 44.133 -34 36 17.540 -0.0251  0.0001 0.000 10.12  1.40  1.39
1541  18.02  24.58 17 50 47.558 -34 36 23.113 -0.0008 -0.0051 0.402 11.19  0.29  0.46
1542  18.26  22.92 17 50 48.781 -34 38  2.863  0.0012  0.0018 0.566 13.04  0.08  0.66
1543  19.04  22.93 17 50 52.551 -34 38  2.269  0.0010 -0.0006 0.625 11.15  0.10  0.65
1544  21.13  20.57 17 51  2.762 -34 40 22.903 -0.0020  0.0022 0.658 12.30  0.81  1.63
1545  21.15  22.77 17 51  2.823 -34 38 10.871  0.0043  0.0014 0.296 12.91  0.36  0.64
1546  21.64  22.53 17 51  5.223 -34 38 25.364 -0.0023 -0.0055 0.337  9.16  0.20  0.40
1547  22.01  22.82 17 51  6.979 -34 38  7.811  0.0030  0.0013 0.414 12.24  0.66  1.49
1548  25.11  23.01 17 51 22.054 -34 37 55.770  0.0030 -0.0015 0.429 10.30  0.13  0.46
1549  27.89  22.97 17 51 35.569 -34 37 57.378  0.0051 -0.0004 0.217 11.98  0.09  0.76
1550  28.33  23.19 17 51 37.725 -34 37 43.495  0.0021 -0.0022 0.437 11.73  0.11  0.68
1551  29.49  23.35 17 51 43.355 -34 37 33.852  0.0145  0.0036 0.000 10.11  1.38  1.41
1552  29.95  21.59 17 51 45.636 -34 39 19.475  0.0017 -0.0034 0.393 11.52  0.40  1.03
1553  30.15  20.33 17 51 46.646 -34 40 34.653 -0.0010 -0.0020 0.557 12.00  0.26  0.36
1554  30.44  23.63 17 51 47.946 -34 37 16.922  0.0061  0.0026 0.066 13.03  0.19  0.59
1555  31.48  20.36 17 51 53.123 -34 40 32.664  0.0003  0.0043 0.302 12.62  0.36  0.48
1556  31.55  20.66 17 51 53.451 -34 40 14.201  0.0050 -0.0104 0.005 11.69  0.22  0.71
1557  32.71  20.99 17 51 59.066 -34 39 54.188  0.0078  0.0046 0.008 11.85  0.24  0.68
1558  34.30  22.17 17 52  6.769 -34 38 42.687 -0.0022 -0.0027 0.415 12.04  0.18  0.98
1559  34.54  24.36 17 52  7.866 -34 36 31.484  0.0053 -0.0064 0.041 11.72  0.08  0.62
1560  35.84  24.05 17 52 14.170 -34 36 49.432  0.0022  0.0037 0.160 11.51  0.13  0.77
1561  36.21  24.81 17 52 15.963 -34 36  3.471  0.0007  0.0073 0.038 13.30  0.04  0.80
1562  36.25  20.26 17 52 16.309 -34 40 36.396 -0.0008  0.0085 0.029 12.27  0.50  0.59
1563  36.32  21.83 17 52 16.573 -34 39  2.245 -0.0026 -0.0014 0.438 13.52  0.16  0.63
1564  36.40  22.86 17 52 16.925 -34 38  0.682  0.0040  0.0023 0.128 11.36  0.80  1.33
1565  36.73  20.30 17 52 18.659 -34 40 33.663 -0.0085  0.0150 0.000 12.25  1.15  2.01
1566  37.37  22.55 17 52 21.679 -34 38 18.736  0.0070  0.0000 0.039 13.18  0.04  0.84
1567  38.40  22.12 17 52 26.683 -34 38 43.759  0.0029  0.0029 0.128 12.11  1.05  1.72
1568  39.06  22.12 17 52 29.886 -34 38 43.613  0.0061  0.0008 0.046 11.73  0.03  0.82
1569  47.09  22.44 17 53  8.930 -34 38 20.405  0.0015  0.0157 0.000 12.16  0.15  0.83
1570  48.92  20.77 17 53 17.918 -34 39 59.190  0.0100  0.0052 0.000 11.13  0.04  0.52
1571  49.44  23.25 17 53 20.285 -34 37 30.331 -0.0177  0.0006 0.000 11.06  0.09  0.69
1572  50.34  23.69 17 53 24.681 -34 37  3.547  0.0093  0.0012 0.000 13.41  0.22  0.55
1596 -24.78  25.07 17 47 19.597 -34 35 52.040  0.0058 -0.0002 0.000 12.66  0.27  0.39
1597 -24.04  25.84 17 47 23.226 -34 35  6.044  0.0015 -0.0031 0.000 10.88  0.06  0.62
1598 -23.48  28.03 17 47 25.963 -34 32 55.092  0.0029  0.0041 0.000 12.35  0.47  1.03
1599 -21.75  27.37 17 47 34.340 -34 33 35.175  0.0043 -0.0080 0.000 12.68  0.04  0.78
1600 -20.01  26.03 17 47 42.780 -34 34 56.000  0.0053 -0.0005 0.003 12.07  0.21  0.84
1601 -19.14  29.39 17 47 47.093 -34 31 34.149  0.0046  0.0098 0.000 12.94  0.08  0.91
1602 -18.93  29.56 17 47 48.077 -34 31 24.195  0.1518  0.1258 0.000 13.09  0.39  1.08
1603 -17.65  26.17 17 47 54.237 -34 34 48.075  0.0028  0.0015 0.012  9.47  0.23  0.46
1604 -16.10  28.58 17 48  1.807 -34 32 23.927  0.0015  0.0020 0.021 12.85  0.22  0.53
1605 -15.27  28.13 17 48  5.866 -34 32 50.788  0.0036 -0.0037 0.018  9.14  0.12  0.46
1606 -14.56  27.23 17 48  9.276 -34 33 45.217  0.0041 -0.0040 0.023 12.43  0.13  0.97
1607 -10.19  28.82 17 48 30.503 -34 32 10.042  0.0004 -0.0009 0.259  8.30  0.34  0.50
1608  -7.59  28.28 17 48 43.125 -34 32 42.903  0.0008  0.0013 0.324 12.98  0.35  0.58
1609  -7.56  29.46 17 48 44.263 -34 31 37.062 -0.0036 -0.0287 0.000 12.67  0.05  0.85
1610  -6.48  27.59 17 48 48.519 -34 33 24.358  0.0107 -0.0025 0.004 13.11  0.30  0.56
1611  -6.16  28.98 17 48 50.069 -34 32  0.826  0.0034  0.0011 0.202 10.45  1.19  1.49
1612  -4.97  27.92 17 48 55.865 -34 33  4.604 -0.0007 -0.0025 0.414 12.21  0.32  0.63
1613  -3.64  26.54 17 49  2.309 -34 34 27.761  0.0025 -0.0052 0.182 12.88  0.14  1.03
1614  -3.48  26.78 17 49  3.100 -34 34 13.111  0.0048 -0.0067 0.052 12.67  0.31  0.84
1615  -2.88  28.88 17 49  6.014 -34 32  7.214 -0.0016 -0.0045 0.294 12.12  0.97  1.58
1616  -2.54  25.40 17 49  7.656 -34 35 35.904  0.0081 -0.0039 0.031 13.12  0.13  0.50
1617  -0.13  27.83 17 49 19.348 -34 33 10.169 -0.0020  0.0013 0.562 12.53  0.32  0.90
1618   0.27  29.91 17 49 21.319 -34 31  5.678  0.0018  0.0013 0.382 10.21  0.16  0.42
1619   2.60  25.64 17 49 32.629 -34 35 21.383  0.0037 -0.0048 0.219 12.27  0.10  0.57
1620   2.13  28.98 17 49 30.344 -34 32  1.489 -0.0002 -0.0037 0.429 11.77  0.25  0.63
1621   2.60  25.64 17 49 32.627 -34 35 21.383  0.0094 -0.0057 0.011 11.58  2.48  2.19
1622   3.00  26.16 17 49 34.562 -34 34 50.075 -0.0003 -0.0012 0.598  8.74  0.32  0.51
1623   3.73  25.61 17 49 38.128 -34 35 23.271 -0.0050 -0.0051 0.245 12.74 -0.05  1.24
1624   3.76  25.72 17 49 38.248 -34 35 16.677 -0.0644 -0.0438 0.000 10.26  0.31  0.73
1625   3.82  29.70 17 49 38.529 -34 31 17.974  0.0013  0.0008 0.488 12.97  0.32  0.47
1626   4.26  28.20 17 49 40.679 -34 32 48.066  0.0026 -0.0012 0.436 11.25  0.08  0.67
1627   9.42  26.15 17 50  5.771 -34 34 50.201  0.0022 -0.0065 0.186 12.91  0.18  0.95
1628   9.45  25.34 17 50  5.931 -34 35 39.041 -0.0006  0.0005 0.657  9.89  0.32  0.34
1629  10.51  26.01 17 50 11.083 -34 34 58.590  0.0009 -0.0015 0.591 11.70  0.05  0.71
1630  10.57  25.40 17 50 11.368 -34 35 35.288  0.0006 -0.0006 0.321 12.30  0.29  0.96
1631  10.57  28.83 17 50 11.333 -34 32  9.376  0.0007  0.0016 0.540 11.06  1.03  1.55
1632  11.28  29.44 17 50 14.748 -34 31 32.597  0.0041  0.0013 0.282 13.09  0.15  0.61
1633  11.94  28.30 17 50 17.962 -34 32 40.918 -0.0041 -0.0127 0.001 11.42  1.38  1.99
1634  12.07  25.47 17 50 18.667 -34 35 30.836  0.0029 -0.0087 0.051 12.13  1.21  1.82
1635  12.50  25.17 17 50 20.737 -34 35 48.904  0.0027 -0.0014 0.501 11.88  0.35  0.54
1636  17.10  25.42 17 50 43.069 -34 35 33.254  0.0004  0.0027 0.530 12.51  0.31  0.45
1637  17.62  27.76 17 50 45.549 -34 33 12.540  0.0008  0.0010 0.564 10.68  0.06  0.49
1638  17.66  29.45 17 50 45.727 -34 31 31.062  0.0030  0.0018 0.350 11.24  0.09  0.65
1639  18.12  29.51 17 50 47.956 -34 31 27.425 -0.0002 -0.0015 0.586 11.26  0.73  1.29
1640  18.51  27.27 17 50 49.914 -34 33 42.067  0.0016  0.0009 0.522 12.21  0.32  0.44
1641  18.76  28.24 17 50 51.087 -34 32 43.464  0.0016  0.0022 0.450 11.14  1.55  1.89
1642  19.52  26.55 17 50 54.837 -34 34 24.589  0.0031 -0.0010 0.436 12.01  0.15  0.78
1643  19.91  27.63 17 50 56.692 -34 33 19.967  0.0130 -0.0219 0.000 11.13  0.33  0.91
1644  20.97  27.72 17 51  1.838 -34 33 14.163 -0.0030 -0.0561 0.000 10.70  0.22  0.74
1645  22.75  27.71 17 51 10.475 -34 33 14.470  0.0031  0.0024 0.299 11.90  0.30  0.27
1646  24.03  27.73 17 51 16.698 -34 33 12.861  0.0049 -0.0029 0.210 10.57  0.08  0.51
1647  24.10  29.12 17 51 17.003 -34 31 49.630 -0.0063  0.0015 0.452 12.10  1.39  2.13
1648  24.69  27.53 17 51 19.914 -34 33 24.721  0.0040  0.0002 0.299 12.90  0.31  0.55
1649  26.38  28.92 17 51 28.105 -34 32  0.876  0.0032  0.0025 0.239  7.06  0.11  0.14
1650  34.35  25.82 17 52  6.859 -34 35  3.443  0.0099 -0.0029 0.007 12.87 -0.08  0.74
1651  36.13  25.63 17 52 15.521 -34 35 14.146  0.0068  0.0045 0.010 12.39  0.75  1.39
1652  36.40  25.61 17 52 16.834 -34 35 15.715  0.0039 -0.0030 0.144 12.94  0.04  0.79
1653  39.69  29.05 17 52 32.709 -34 31 47.359  0.0002 -0.0973 0.000 12.62  0.24  0.90
1654  40.33  26.98 17 52 35.908 -34 33 51.697  0.0089  0.0010 0.003 12.48  0.05  0.96
1655  40.49  26.43 17 52 36.692 -34 34 24.341  0.0044  0.0003 0.051 11.72  0.91  1.54
1656  40.67  29.60 17 52 37.412 -34 31 14.310  0.0072  0.0038 0.002 12.47  0.21  0.36
1657  44.23  25.28 17 52 54.918 -34 35 31.175 -0.0032 -0.0069 0.004 13.11 -0.13  0.86
1658  44.49  26.07 17 52 56.126 -34 34 44.104  0.0032  0.0015 0.011 11.43  0.01  0.40
1659  44.67  29.93 17 52 56.810 -34 30 52.315  0.0085  0.0010 0.001 11.87  0.06  0.84
1660  45.29  29.20 17 52 59.878 -34 31 35.836  0.0141  0.0042 0.000 12.53  0.13  0.85
1661  47.36  26.44 17 53 10.063 -34 34 20.165  0.0082  0.0025 0.000 11.13  0.88  1.31
1662  49.66  29.22 17 53 21.060 -34 31 32.179  0.0084 -0.0198 0.000  8.10  0.27  0.47
1663  50.40  28.72 17 53 24.696 -34 32  1.671  0.0053  0.0033 0.000 11.36  1.74  2.19
1664  50.47  25.60 17 53 25.217 -34 35  8.417  0.0068  0.0059 0.000  9.83  0.12  0.42
1699 -22.27  30.63 17 47 31.891 -34 30 19.254  0.0068  0.0079 0.000 11.94  0.85  1.77
1700 -20.41  33.37 17 47 40.996 -34 27 35.128  0.0044  0.0028 0.000 11.86  0.64  1.31
1701 -19.98  30.19 17 47 42.989 -34 30 46.291  0.0024 -0.0638 0.000 11.86  0.07  1.02
1702 -15.50  32.90 17 48  4.789 -34 28  4.865  0.0032 -0.0136 0.000 12.48  0.19  0.96
1703 -15.33  32.49 17 48  5.616 -34 28 29.099  0.0060 -0.0027 0.004 11.52  0.14  0.67
1704 -11.38  30.23 17 48 24.736 -34 30 45.672 -0.0028 -0.0010 0.191 13.01  0.41  0.73
1705 -10.69  32.15 17 48 28.113 -34 28 50.148 -0.0047 -0.0070 0.013 12.46  0.20  0.75
1706 -10.24  33.30 17 48 30.309 -34 27 41.667  0.0160 -0.0003 0.000 12.30  0.82  1.62
1707  -8.52  33.00 17 48 38.663 -34 27 59.649  0.0018 -0.0082 0.013  9.22  1.92  1.74
1708  -7.09  33.35 17 48 45.609 -34 27 39.043  0.0058  0.0018 0.032 13.11  0.09  0.70
1709  -5.72  34.52 17 48 52.272 -34 26 28.548  0.0150  0.0000 0.000 13.02  0.18  0.99
1710  -4.00  30.16 17 49  0.578 -34 30 50.439 -0.0020  0.0111 0.004 13.46 -0.02  0.37
1711  -3.87  31.84 17 49  1.215 -34 29  9.702  0.0028  0.0039 0.120 10.51  1.58  1.73
1712  -2.42  32.64 17 49  8.245 -34 28 21.821  0.0072 -0.0096 0.002 12.87  0.08  0.88
1713  -2.18  34.21 17 49  9.417 -34 26 47.181  0.0010 -0.0021 0.315 12.87 -0.01  0.83
1714  -1.72  31.49 17 49 11.631 -34 29 30.376 -0.0742 -0.0789 0.000  9.50  0.19  0.73
1715  -1.41  32.90 17 49 13.177 -34 28  6.317  0.0034 -0.0052 0.122 11.91  0.09  0.72
1716  -1.25  30.70 17 49 13.909 -34 30 17.949  0.0017  0.0010 0.364 12.75  0.18  0.67
1717   1.23  30.93 17 49 25.955 -34 30  4.492  0.0023 -0.0015 0.374  9.51  0.22  0.38
1718   3.46  34.89 17 49 36.803 -34 26  6.863  0.0021 -0.0017 0.338  8.93  0.25  0.16
1719   5.22  30.26 17 49 45.343 -34 30 44.402  0.0053 -0.0023 0.188 10.98  0.68  1.15
1720   6.82  34.88 17 49 53.094 -34 26  7.221  0.0072 -0.0028 0.052 11.81  0.17  0.83
1721   7.14  32.31 17 49 54.660 -34 28 41.408  0.0024  0.0032 0.263 12.71  0.21  0.48
1722   7.49  33.99 17 49 56.320 -34 27  0.036  0.0028 -0.0016 0.340 12.11  0.33  0.86
1723   9.32  32.72 17 50  5.215 -34 28 16.278  0.0031 -0.0031 0.309 12.19  0.15  0.89
1724   9.65  32.81 17 50  6.818 -34 28 10.787 -0.0007  0.0015 0.539 11.46  0.50  1.13
1725  10.34  31.17 17 50 10.182 -34 29 49.131  0.0028  0.0115 0.001 11.24  1.00  1.59
1726  11.59  33.32 17 50 16.205 -34 27 40.022 -0.0013 -0.0152 0.000 12.58  0.10  0.91
1727  12.83  32.41 17 50 22.234 -34 28 34.243  0.0008  0.0022 0.458 12.03  0.35  0.39
1728  14.72  34.59 17 50 31.382 -34 26 23.247  0.0098  0.0154 0.000 10.77  1.13  1.58
1729  14.91  33.49 17 50 32.324 -34 27 29.176  0.0052 -0.0065 0.058 10.20  0.18  0.66
1730  15.04  31.07 17 50 32.978 -34 29 54.302 -0.0042  0.0016 0.571 12.03  0.17  0.93
1731  16.41  30.95 17 50 39.639 -34 30  1.669  0.0003 -0.0003 0.571  8.33  0.32  0.57
1732  17.61  34.50 17 50 45.421 -34 26 27.912  0.0004 -0.0007 0.488 12.61  0.35  0.52
1733  18.07  32.75 17 50 47.661 -34 28 13.283  0.0043 -0.0008 0.261 11.22  0.07  0.68
1734  20.96  34.18 17 51  1.652 -34 26 46.788  0.0033 -0.0002 0.292 13.15  0.23  0.51
1735  21.77  33.73 17 51  5.605 -34 27 13.450  0.0016 -0.0081 0.050 12.45  0.26  0.48
1736  22.15  33.49 17 51  7.466 -34 27 27.664 -0.0002  0.0012 0.478  6.16  0.20  0.18
1737  22.73  30.10 17 51 10.338 -34 30 50.789  0.0032 -0.0018 0.356 13.12  0.15  0.94
1738  23.40  30.14 17 51 13.610 -34 30 48.406 -0.0010  0.0027 0.491 12.65  0.19  0.81
1739  24.23  31.14 17 51 17.574 -34 29 48.102  0.0035 -0.0005 0.303 11.64 -0.01  0.68
1740  25.41  32.37 17 51 23.278 -34 28 33.754  0.0055 -0.0020 0.130 12.42  0.09  0.97
1741  26.89  30.74 17 51 30.494 -34 30 11.391  0.0013  0.0079 0.030 11.38  1.60  2.34
1742  29.75  32.54 17 51 44.317 -34 28 22.536  0.0010  0.0016 0.332 11.35  0.73  1.28
1743  30.04  32.79 17 51 45.714 -34 28  7.033  0.0173 -0.0016 0.000 11.65  0.01  0.68
1744  32.14  32.21 17 51 55.938 -34 28 41.219  0.0103 -0.0038 0.003 11.87  1.28  1.87
1745  33.81  34.67 17 52  3.948 -34 26 13.218 -0.0012 -0.0039 0.135 11.51  0.22  0.44
1746  34.95  30.59 17 52  9.642 -34 30 17.296  0.0072  0.0011 0.022 12.82  0.17  1.10
1747  35.25  31.59 17 52 11.056 -34 29 17.216  0.0053 -0.0057 0.026 13.17 -0.04  0.81
1748  35.34  32.44 17 52 11.459 -34 28 26.066  0.0043  0.0023 0.051 10.36  0.08  0.51
1749  37.33  31.00 17 52 21.178 -34 29 51.675  0.0004  0.0048 0.063  9.37  2.09  1.97
1750  39.58  33.62 17 52 32.007 -34 27 13.261  0.0097  0.0023 0.000 12.91  0.33  0.54
1751  39.76  34.35 17 52 32.846 -34 26 29.644  0.0060 -0.0130 0.000 10.58  0.30  0.50
1752  40.34  32.39 17 52 35.724 -34 28 26.780  0.0055  0.0073 0.000 13.26  0.29  0.66
1753  41.72  31.19 17 52 42.448 -34 29 38.396  0.0031 -0.0102 0.000 11.90  0.18  0.86
1754  43.09  34.02 17 52 48.975 -34 26 47.881  0.0122  0.0027 0.000 11.43  0.86  1.40
1755  46.06  31.32 17 53  3.500 -34 29 28.109  0.0079  0.0084 0.000  8.81  0.20  0.24
1786 -16.07  39.56 17 48  2.143 -34 21 25.186  0.0104 -0.0026 0.000 12.58  0.48  1.14
1787 -15.80  38.33 17 48  3.449 -34 22 38.547  0.0048 -0.0173 0.000 11.63  0.20  0.73
1788 -15.28  36.80 17 48  5.949 -34 24 10.617  0.0015 -0.0061 0.000 12.90  0.26  0.85
1789  -9.80  38.18 17 48 32.481 -34 22 48.720 -0.0016 -0.0001 0.034 10.18  0.18  0.28
1790  -9.64  38.07 17 48 33.299 -34 22 55.560  0.0018  0.0035 0.010 11.83  0.61  0.60
1791  -9.35  37.48 17 48 34.679 -34 23 30.616  0.0131 -0.0133 0.000 12.61  0.30  1.01
1792  -4.90  35.56 17 48 56.239 -34 25 26.319  0.9999  0.9999 0.000 11.67  1.23  2.34
1793  -4.08  36.68 17 49  0.207 -34 24 19.424  0.0006 -0.0036 0.148  5.68  1.18  1.24
1794  -3.93  39.84 17 49  0.973 -34 21  9.860  0.0001  0.0018 0.083 10.70  0.17  0.27
1795  -2.59  36.60 17 49  7.458 -34 24 24.336 -0.0165 -0.0040 0.000 11.34  0.24  0.69
1796  -1.73  39.84 17 49 11.594 -34 21  9.784  0.0052  0.0085 0.001 12.57  0.21  1.00
1797   0.28  38.67 17 49 21.377 -34 22 20.005  0.0054 -0.0049 0.035 12.89  0.31  0.71
1798   3.90  39.53 17 49 38.906 -34 21 28.219  0.0070 -0.0073 0.007 12.87  0.16  0.54
1799   4.77  37.16 17 49 43.118 -34 23 50.452  0.0073 -0.0110 0.001 12.41  0.86  1.48
1800   5.77  36.44 17 49 47.982 -34 24 33.284  0.0082  0.0038 0.007 12.97  0.06  0.76
1801   5.85  37.13 17 49 48.359 -34 23 52.117  0.0026 -0.0051 0.150 10.08  0.31  0.35
1802   7.44  37.83 17 49 56.064 -34 23 10.093  0.0001 -0.0029 0.349 11.52  0.23  0.47
1803   8.03  37.16 17 49 58.944 -34 23 50.154  0.0051 -0.0086 0.013 13.09  0.09  0.79
1804   8.84  38.85 17 50  2.815 -34 22  8.345  0.0079 -0.0027 0.025 12.69  0.26  0.82
1805   9.17  37.80 17 50  4.442 -34 23 11.882  0.0017  0.0038 0.191 12.26  0.34  0.44
1806   9.57  37.63 17 50  6.375 -34 23 21.562  0.0103 -0.0041 0.004  7.41  2.01  2.11
1807  11.31  35.44 17 50 14.848 -34 25 32.969  0.0030 -0.0042 0.215 11.00  1.00  1.33
1808  11.80  36.91 17 50 17.197 -34 24  4.706 -0.0066 -0.0047 0.113  9.98  1.59  1.52
1809  12.14  38.85 17 50 18.847 -34 22  8.351  0.0024 -0.0014 0.288 12.01  0.29  0.71
1810  14.29  37.51 17 50 29.263 -34 23 27.981  0.9999  0.9999 0.000 13.99  0.00  2.30
1811  14.41  37.87 17 50 29.841 -34 23  6.861  0.0001 -0.0022 0.363 10.46  0.14  0.50
1812  14.97  38.09 17 50 32.554 -34 22 53.553 -0.0034  0.0115 0.003 12.12  1.16  2.01
1813  19.86  36.74 17 50 56.784 -34 24 13.396 -0.0030  0.0011 0.470 13.10  0.19  0.75
1815  21.29  36.15 17 51  3.234 -34 24 48.291  0.0051  0.0001 0.135 10.16  0.16  0.36
1816  24.50  36.97 17 51 18.782 -34 23 58.088 -0.0055  0.0007 0.334 11.17  0.29  0.63
1817  24.77  35.02 17 51 20.128 -34 25 54.985 -0.0095 -0.0043 0.035 11.33  1.02  1.55
1818  26.27  36.31 17 51 27.351 -34 24 37.183 -0.0004 -0.0121 0.001 11.98  1.23  1.94
1819  26.85  38.04 17 51 31.102 -34 22 53.521  0.0010  0.0031 0.172 12.36  0.49  0.63
1820  27.73  35.37 17 51 34.451 -34 25 33.103 -0.0159  0.0077 0.000 10.62 -0.13  0.32
1821  27.77  35.42 17 51 34.660 -34 25 30.395  0.0017 -0.0032 0.238 13.09  0.22  1.15
1822  28.87  39.71 17 51 39.853 -34 21 12.728  0.0183  0.0013 0.000 11.51  0.99  1.63
1823  32.79  39.27 17 51 58.882 -34 21 37.648  0.0005  0.0056 0.014  8.87 -0.46  0.53
1824  33.26  37.42 17 52  1.201 -34 23 28.065  0.0023 -0.0010 0.082 11.99  0.19  0.59
1825  35.28  37.78 17 52 10.990 -34 23  5.720  0.0050  0.0013 0.010 11.27  1.44  2.02
1826  40.15  39.88 17 52 34.513 -34 20 57.687  0.0052 -0.0003 0.000 12.19  0.03  0.81
1827  43.82  38.87 17 52 52.299 -34 21 56.306  0.0093  0.0031 0.000 12.05  0.53  1.21
1859 -10.40  43.52 17 48 29.658 -34 17 28.373  0.0038 -0.0026 0.000 11.53  0.28  0.51
1860  -9.24  41.24 17 48 35.223 -34 19 45.208  0.0067 -0.0034 0.002 12.55  0.15  0.90
1861  -8.71  40.07 17 48 37.812 -34 20 55.414  0.0091 -0.0046 0.000 11.84  0.10  0.96
1862  -7.17  43.80 17 48 45.272 -34 17 11.913 -0.0016 -0.0010 0.004 11.34  0.06  0.81
1863  -6.51  45.57 17 48 48.461 -34 17 25.831 -0.0009 -0.0012 0.021 11.24  0.16  0.26
1864  -0.80  40.42 17 49 16.140 -34 20 34.728  0.0017 -0.0018 0.120  8.29  0.30  0.45
1865   0.52  43.65 17 49 22.504 -34 17 20.994 -0.0045 -0.0166 0.000 12.34  0.26  0.98
1866   1.23  44.05 17 49 25.945 -34 16 57.063  0.0052  0.0038 0.004 12.12  0.20  0.64
1867   1.75  42.26 17 49 28.465 -34 18 44.565  0.0021 -0.0039 0.061 12.47  0.56  0.89
1868   3.54  41.42 17 49 37.155 -34 19 34.965  0.0073 -0.0127 0.000 13.10  0.02  0.79
1869   3.55  44.34 17 49 37.165 -34 16 39.600  0.0057 -0.0045 0.007 11.34  0.16  1.01
1870   3.81  40.62 17 49 38.466 -34 20 22.610  0.0043 -0.0047 0.051 10.85  0.11  0.56
1871   6.33  40.42 17 49 50.667 -34 20 34.679  0.0013 -0.0045 0.149 12.60  0.33  0.40
1872   7.63  41.35 17 49 56.960 -34 19 38.598  0.0008 -0.0059 0.080  9.79  0.25  0.33
1873   9.39  44.46 17 50  5.449 -34 16 31.813  0.0036 -0.0012 0.056 11.76  0.12  0.85
1874  10.15  43.84 17 50  9.130 -34 17  9.225  0.0046 -0.0035 0.039 13.04  0.23  0.61
1875  10.15  42.01 17 50  9.139 -34 18 59.187 -0.0049 -0.0192 0.000 10.41  1.30  1.52
1876  10.44  42.50 17 50 10.573 -34 18 29.737 -0.0002 -0.0112 0.001 12.35  0.17  0.86
1877  11.10  44.87 17 50 13.708 -34 16  7.363  0.0089 -0.0066 0.001 12.28  0.45  1.18
1878  11.65  44.71 17 50 16.375 -34 16 16.679  0.0052 -0.0136 0.000 11.82  0.36  1.05
1879  11.89  40.55 17 50 17.593 -34 20 26.060  0.0097  0.0072 0.000 11.83  0.24  0.79
1880  12.74  42.74 17 50 21.693 -34 18 14.849  0.0028  0.0003 0.131 12.65  0.08  0.88
1881  13.82  44.85 17 50 26.872 -34 16  7.849  0.0004 -0.0118 0.000 11.12  0.26  0.53
1882  15.30  42.26 17 50 34.063 -34 18 43.134  0.0037  0.0012 0.097 12.57  0.25  0.59
1883  17.96  40.52 17 50 47.001 -34 20 27.151 -0.0020 -0.0084 0.022 11.97  0.32  0.85
1884  20.51  43.13 17 50 59.284 -34 17 50.114 -0.0038 -0.0220 0.000 11.36  0.16  0.85
1885  21.74  43.09 17 51  5.231 -34 17 51.995  0.0020 -0.0013 0.110 10.22  0.21  0.44
1886  22.33  40.21 17 51  8.150 -34 20 44.352 -0.0222 -0.0240 0.000 11.93  0.08  0.98
1887  23.02  42.65 17 51 11.459 -34 18 17.880  0.0027 -0.0021 0.087 12.94  0.23  0.51
1888  24.08  44.29 17 51 16.554 -34 16 39.148  0.0065 -0.0089 0.001 11.21  1.39  1.85
1889  24.16  42.18 17 51 17.012 -34 18 45.892  0.0057  0.0061 0.003 10.25  1.15  1.48
1890  25.14  44.90 17 51 21.651 -34 16  2.150  0.0041  0.0048 0.003  9.64  0.23  0.56
1891  25.48  43.17 17 51 23.358 -34 17 46.366  0.0064  0.0005 0.008 11.66  1.51  2.25
1892  30.03  44.28 17 51 45.354 -34 16 38.247  0.0084 -0.0016 0.001 11.72  0.18  0.66
1893  30.25  44.93 17 51 46.402 -34 15 58.961  0.0115  0.0041 0.000 11.96  0.18  0.78
1894  30.40  40.05 17 51 47.262 -34 20 51.586  0.0023  0.0012 0.056 13.01  0.19  0.84
1895  31.07  43.04 17 51 50.440 -34 17 51.964  0.0061 -0.0012 0.004 11.44  0.22  0.61
1896  31.93  43.53 17 51 54.550 -34 17 22.137  0.0058  0.0070 0.000 11.71  0.27  0.49
1897  33.85  41.70 17 52  3.939 -34 19 11.458 -0.0042  0.0019 0.027 11.99  0.95  1.54
1898  34.89  44.27 17 52  8.872 -34 16 36.617  0.0021 -0.0017 0.000 10.32  0.91  1.28
1899  37.08  43.95 17 52 19.481 -34 16 54.941  0.0091  0.0023 0.000 12.00  0.75  1.53
1927  -7.46  47.15 17 48 43.896 -34 13 51.109 -0.0035 -0.0073 0.000 11.70  0.28  0.51
1928  -4.63  48.42 17 48 57.622 -34 12 34.685  0.0052 -0.0072 0.000 12.83  0.01  0.72
1929  -4.35  47.39 17 48 58.973 -34 13 36.733  0.0015 -0.0116 0.000 12.84  0.13  0.76
1930  -3.23  47.60 17 49  4.390 -34 13 23.880 -0.0059 -0.0135 0.000 12.76  0.09  0.89
1931  -0.83  48.57 17 49 15.979 -34 12 25.707  0.0018 -0.0009 0.000 10.79 -0.02  0.06
1932  -0.66  48.76 17 49 16.824 -34 12 14.646  0.0008 -0.0035 0.000 10.51  0.11  0.11
1933   0.51  49.79 17 49 22.461 -34 11 12.639  0.0026 -0.0015 0.000 12.48 -0.04  0.77
1934   3.93  46.64 17 49 39.025 -34 14 21.716  0.0107 -0.0375 0.000 12.85  0.17  0.97
1935   6.80  47.79 17 49 52.896 -34 13 12.438  0.0065 -0.0204 0.000 11.78  0.60  1.22
1936   7.40  47.97 17 49 55.812 -34 13  1.889 -0.0068 -0.0154 0.000 12.32  0.26  1.00
1937   8.89  47.49 17 50  3.009 -34 13 30.197  0.0019 -0.0023 0.018 10.09  0.98  1.30
1938  10.54  46.76 17 50 10.967 -34 14 13.673  0.0066 -0.0171 0.000 12.02  0.20  0.82
1939  10.60  47.37 17 50 11.290 -34 13 37.510  0.0236 -0.0017 0.000 12.16  0.17  1.06
1940  14.52  46.51 17 50 30.266 -34 14 28.274 -0.0008 -0.0056 0.016 10.09  0.31  0.43
1941  15.31  45.56 17 50 34.084 -34 15 25.173  0.0004 -0.0066 0.013 11.46  1.20  1.78
1942  15.81  46.02 17 50 36.512 -34 14 57.707  0.0019 -0.0140 0.000 11.41  0.04  0.55
1943  18.17  48.66 17 50 47.868 -34 12 18.582  0.0031  0.0014 0.011 10.19 -0.01  0.28
1944  18.79  49.80 17 50 50.856 -34 11  9.924  0.0058 -0.0030 0.001 12.10  0.27  0.41
1945  19.38  47.75 17 50 53.733 -34 13 12.812  0.0047 -0.0133 0.000 12.69  0.10  0.80
1946  20.09  48.87 17 50 57.131 -34 12  5.466  0.0003  0.0038 0.012 12.43  0.09  0.80
1947  20.88  49.46 17 51  0.983 -34 11 30.126  0.0025  0.0035 0.001 12.64  0.36  0.79
1948  22.18  45.34 17 51  7.320 -34 15 36.792  0.0076 -0.0032 0.002 11.57  0.89  1.49
1949  26.41  46.10 17 51 27.769 -34 14 50.023  0.0054 -0.0044 0.003 12.25  0.87  1.57
1950  31.40  45.48 17 51 51.947 -34 15 25.260  0.0040 -0.0016 0.001 12.49  0.28  0.83
1951  32.23  47.26 17 51 55.926 -34 13 38.523  0.0058  0.0058 0.000  7.50  0.11  0.17
1952  34.76  46.74 17 52  8.163 -34 14  8.813  0.0105  0.0002 0.000 11.91  0.16  0.63
1988   8.41  49.91 17 50  0.660 -34 11  5.023  0.0037 -0.0055 0.001 11.14  1.11  1.61
1989   9.42  50.65 17 50  5.536 -34 10 20.981 -0.0022 -0.0028 0.000 12.37  0.09  0.82
1990  12.45  53.70 17 50 20.148 -34 07 17.207  0.0081 -0.0234 0.000 13.27  0.07  0.82
1991  16.80  52.04 17 50 41.168 -34 08 56.408  0.0032 -0.0012 0.000 12.41  0.34  0.43
1993  21.67  50.53 17 51  4.748 -34 10 25.631  0.0047 -0.0021 0.000 12.05  0.13  0.75
1994  22.43  50.32 17 51  8.447 -34 10 37.884 -0.0008 -0.0077 0.000 12.19  0.25  0.71
1995  22.69  52.56 17 51  9.643 -34 08 23.827  0.0069 -0.0099 0.000 12.26  0.27  1.33
1996  23.34  53.14 17 51 12.776 -34 07 48.907  0.0071 -0.0085 0.000 13.00  0.36  0.84
1997  24.16  50.17 17 51 16.788 -34 10 46.579  0.0022  0.0047 0.000  9.74  0.20  0.23
1998  24.45  50.28 17 51 18.225 -34 10 39.800  0.0025 -0.0039 0.000 13.14 -0.03  0.67
2000  29.57  49.93 17 51 42.950 -34 10 59.512  0.0176 -0.3659 0.000 12.09  0.41  0.55
2001  30.49  50.44 17 51 47.391 -34 10 28.574  0.0111  0.0083 0.000  9.12  2.20  1.99
