246.272354     12.033750
247.037460     17.963970
351.877319     14.089609
353.210236     20.890478
372.092804     11.050449
377.233673     11.854039
494.133179     14.000759
114.074318     14.995628
24.115746     17.943071
49.361134     19.933405
85.032516     19.008873
84.047493     23.999443
99.043655     21.186817
189.060867     25.590471
203.070755     22.979744
202.014664     26.961363
424.938934     24.099848
466.082245     24.969654
227.975662     24.319899
39.060387     31.990265
249.962952     30.151783
261.975586     30.079350
83.061111     33.009529
87.002151     33.047138
87.986580     35.934826
245.799500     33.365047
478.218323     34.000004
25.006226     41.084896
26.013475     45.971306
54.307877     43.047535
403.871033     45.364944
409.960571     46.987583
402.053802     51.200111
261.880920     45.171570
478.728058     45.116951
488.904205     45.140789
284.502808     46.822624
472.021423     46.027531
376.190125     48.988815
426.091827     49.991886
426.942047     53.962296
363.057434     51.302670
129.030060     51.964275
234.770248     55.446144
405.803436     52.043148
30.037167     54.978302
403.997650     57.063438
420.972015     58.987450
54.024445     58.085857
54.978935     61.932423
169.034393     59.032810
95.975441     59.064522
196.373093     61.059422
185.733704     61.987167
91.966591     62.021156
134.850800     63.269215
470.991241     61.983234
13.954959     63.063862
284.023712     63.032047
367.056824     63.964012
373.004608     64.022118
429.101379     63.957794
477.125122     64.101540
174.041489     66.035896
235.893860     65.198219
280.995941     64.937874
362.043030     64.991684
405.829193     65.327255
103.934143     66.952362
343.102814     69.143311
357.994415     69.012627
64.025238     71.990547
80.023201     69.139511
131.023193     69.959930
101.219292     74.984993
315.982849     73.468285
322.328400     74.745522
332.058228     73.040482
352.145752     75.093452
26.032484     74.119965
26.982590     78.939842
449.054047     76.014091
484.165283     75.989998
226.905624     78.921562
220.116562     77.942924
208.920700     80.089127
493.015442     80.114433
31.161009     82.139748
205.075089     81.071884
201.069031     82.030495
333.097809     83.105042
491.064789     82.880951
101.032623     83.018631
105.102211     83.970436
225.877472     85.128487
438.168335     85.034760
369.051208     84.992729
374.980865     86.035324
460.984650     85.136147
403.148346     85.910271
153.126297     87.984718
185.026886     86.080505
184.985809     90.053558
37.008793     89.005394
120.044495     90.030151
40.983234     90.062408
230.007324     90.032249
485.007660     91.275810
501.091797     94.925262
43.021877     99.036201
120.913307     100.226089
177.760132     101.153786
335.034241     100.333305
405.961243     101.131775
158.067108     101.020203
195.068573     101.074768
217.920914     102.410439
412.158081     102.939850
146.365173     104.930969
140.023010     104.077995
144.064346     109.929008
380.174469     106.041718
388.989288     110.033020
135.318832     108.177155
252.966599     107.203247
293.028900     108.064598
298.962708     106.028381
64.976036     108.962563
54.025066     110.067848
419.115112     110.057014
118.060471     112.024994
276.930481     113.348328
189.997787     115.251610
287.026550     115.045013
230.977768     117.050606
424.968262     119.067932
335.030457     119.927940
415.047211     120.104095
417.008087     126.007401
452.944489     120.230263
494.145355     120.073837
109.030853     121.072815
106.828606     126.344704
227.089325     120.993095
284.050110     119.991402
221.162262     122.169106
221.992554     129.975327
237.488754     124.109383
487.215881     125.163528
17.072748     126.280807
424.003021     126.034264
87.068222     127.945709
250.108597     128.184280
333.007477     127.052132
334.038940     132.037857
307.022980     129.106979
389.366089     132.997040
449.949677     130.162598
145.001617     130.168900
307.140289     134.908401
51.017696     132.022247
288.804718     133.003815
323.016907     130.076630
325.943268     134.126038
485.040802     131.001053
489.949524     131.100739
47.042648     132.063400
46.386208     137.064499
185.119629     134.920502
110.072250     131.646210
237.010223     134.105072
15.273823     138.824600
17.981541     145.027298
121.016869     137.110031
249.041824     136.029022
252.952362     138.042145
372.081940     138.114471
420.059570     137.051117
422.935303     139.016708
262.346222     142.950912
316.072449     143.207718
351.996887     143.020920
455.989746     143.074127
455.062103     147.945267
71.770264     146.368500
282.071014     145.060104
281.042572     149.972214
48.953712     148.079636
121.156548     148.035965
348.025726     147.012405
227.967056     148.994766
97.012711     149.031158
111.947868     149.066391
206.185654     153.221695
220.876907     151.408157
57.025536     151.023697
112.967163     152.966461
486.288208     155.142380
92.071968     152.019135
107.858826     152.055359
398.030975     153.121902
472.977905     153.009995
104.200172     155.888168
68.017960     155.952103
229.133499     161.054688
212.097305     163.028076
216.993973     162.031006
359.921417     163.166504
255.046738     163.971603
98.970612     166.270401
102.962387     166.060242
238.956558     168.037033
76.193962     169.112183
266.017212     168.018555
485.282532     168.993408
351.017975     170.038147
353.993713     171.973465
349.022217     172.959915
395.893219     171.286224
95.084717     171.012970
287.908722     176.918457
301.974976     177.065750
331.046356     176.939713
14.026949     179.026138
17.917006     179.949005
113.021591     179.273270
297.017181     178.004623
356.989319     178.077881
255.109879     180.205093
270.116119     181.289719
497.180023     180.929001
352.095734     181.962204
405.110535     182.053680
64.073952     186.916641
91.174324     187.098145
331.128571     186.938934
23.194847     188.039474
27.011204     192.087433
161.030609     187.063400
164.996445     190.020966
190.997131     190.066269
191.003433     195.032867
337.997559     192.076019
34.404453     193.993561
53.136055     192.926849
219.009857     194.024185
329.520691     195.813400
482.343262     195.061905
185.930817     197.098267
210.066284     197.002304
214.116669     197.957748
236.032364     199.069901
245.056320     198.988251
28.931637     200.074493
27.107723     203.957199
60.695709     200.936844
175.136612     199.983856
282.895264     200.190430
355.301880     201.787155
180.977219     200.994110
436.001801     202.109314
201.930222     203.220367
436.985870     206.025970
294.086365     209.155380
359.163635     208.905350
478.013885     208.056610
103.891327     209.897079
221.301544     210.985336
127.187630     211.914673
353.086517     211.997864
62.099712     213.073013
475.030945     211.016464
486.987000     213.181808
388.203827     218.832214
16.920752     224.094910
14.988876     227.897552
285.006348     223.184860
228.019241     225.988159
231.943680     226.015610
402.965759     226.022675
488.974701     227.029419
482.274597     231.300766
146.030945     230.054230
43.996841     233.307388
129.000229     232.975174
142.036041     232.005981
412.877106     234.271851
339.051514     233.015366
363.982635     233.222061
242.032990     235.001099
437.977386     236.102859
297.089264     238.179260
303.345551     241.996277
347.063019     238.008850
352.032959     242.246033
81.844231     241.766510
251.089340     243.246338
371.041504     241.050430
490.155518     244.111160
27.960953     245.012909
31.945427     244.996094
71.050865     245.003967
56.882721     246.995285
52.134956     248.044128
162.034576     249.141632
185.980057     248.083084
118.065109     252.076797
148.952774     251.086090
173.929169     252.310760
475.961914     252.177246
257.007660     255.164139
261.913391     258.166962
11.135091     254.987747
67.991745     254.223038
339.004944     256.014709
342.990051     256.085358
340.973206     261.039612
152.083542     257.943817
477.036377     259.014557
482.111206     260.962402
482.997650     266.090912
137.027466     261.224548
200.012070     262.034393
337.810455     263.245941
335.260071     266.760559
356.115143     264.156891
433.019073     262.063507
434.016998     266.020081
204.067368     264.965790
494.940308     265.016449
54.995014     267.077087
139.065918     267.980804
143.014191     270.993683
210.090942     267.958984
63.826599     269.206879
132.943436     272.407654
491.914764     270.150146
475.065582     270.014893
479.931824     270.062653
32.980438     270.034119
26.161163     272.881561
339.993256     274.228271
54.232605     277.930176
429.915527     277.115387
434.968292     278.105438
368.265442     282.072815
372.976044     288.202515
373.933990     292.919342
89.999550     280.102142
93.000504     283.944641
391.999969     280.239746
453.955505     281.185089
62.980385     282.128357
64.058395     285.907349
157.952240     284.113953
344.071716     286.985840
129.048126     287.945007
337.059418     284.052460
340.045258     285.977051
139.972076     288.029877
143.009552     292.977631
171.078400     288.067230
394.985046     288.037506
127.018448     292.997925
89.995468     289.133118
93.010399     293.965088
237.938797     290.070923
389.810333     294.003387
72.973450     297.000244
118.998062     299.004883
119.996162     303.029480
418.945282     300.003662
132.129074     301.171875
149.090759     301.127808
415.929962     301.992096
130.044449     306.019409
311.995697     301.023499
445.720001     303.129181
224.939774     305.112640
309.106506     304.079529
268.090973     307.488525
287.010468     307.943634
72.071793     308.998688
72.991531     312.959961
277.939453     309.086761
151.754379     310.997345
246.476669     315.987488
253.116959     319.959412
260.094177     313.119141
489.153015     315.214996
284.037384     315.092529
285.908752     317.986328
284.991821     321.886383
247.063660     324.454010
398.022156     314.991852
402.006500     315.046204
405.062897     318.006073
323.279388     318.121521
329.062775     320.233948
154.046860     318.054688
420.072876     318.006836
82.133049     319.042053
115.090744     323.991608
118.068230     329.333710
312.097961     320.950958
304.060822     321.098358
435.073761     322.142975
231.995255     326.128510
235.487778     330.987793
29.051117     325.286041
154.948807     327.957092
76.076881     327.083679
280.099854     327.044800
332.043121     327.895966
358.224487     328.158875
110.089394     329.964172
304.901154     330.914459
489.011505     331.157745
252.020355     331.966644
269.649384     335.137939
273.022278     340.996979
277.176971     344.205414
279.265137     347.839417
446.068848     337.017975
449.958099     338.994629
78.139191     338.102966
10.940432     339.098480
15.986937     339.202118
19.259815     345.869171
457.916260     339.196625
462.956146     339.026398
432.020294     341.155487
234.178238     343.011536
182.980225     344.068085
359.120605     344.967407
373.278778     348.941406
438.070984     347.053558
483.016022     349.144012
56.991016     350.074036
57.009689     353.928101
78.951347     351.104431
399.913269     351.917999
107.007324     353.081879
239.012619     357.042145
241.921738     358.030945
100.743210     356.252228
159.095230     356.973785
392.208740     355.034576
258.963196     355.015411
224.048569     357.308685
255.051041     357.055115
381.937073     360.336792
134.022675     361.143341
465.062042     361.990997
459.077667     362.944489
461.053864     366.943695
337.043884     365.518494
342.458862     366.903259
28.997234     368.011536
25.033545     370.039520
132.028107     372.982208
154.079376     373.090088
156.021942     376.969208
502.284546     373.899536
224.065186     375.968323
228.973694     375.993195
289.854462     377.216949
291.000885     382.934845
482.072235     380.021179
268.952698     378.017273
492.040741     378.026154
496.967072     379.055573
356.089203     380.203461
360.297943     383.079712
266.073395     381.995239
167.055756     385.071045
220.842926     386.204926
130.292419     388.857178
389.989319     389.051483
474.942719     388.015930
472.128326     389.932861
375.124695     391.080994
481.056519     393.161957
18.063889     394.030273
18.093145     397.926300
216.942810     394.392120
265.072205     394.051147
286.910614     394.886749
97.939293     396.030243
98.989578     400.998260
130.030701     397.960785
28.950348     398.445953
225.029739     398.051117
124.233940     399.895233
210.067749     399.014221
235.188965     399.033600
13.052190     403.923187
363.962463     401.053314
441.037659     405.024719
246.949448     406.162811
261.052032     405.171082
126.015213     407.117828
124.103645     413.971283
208.998627     407.112823
230.321640     409.031250
63.143124     409.481506
326.986786     407.176270
471.896179     411.125214
422.007813     412.112213
421.967499     415.021057
449.038391     413.159821
255.960297     413.161194
351.956787     414.095184
182.095840     415.015808
184.075195     419.076721
303.956665     416.021606
307.063232     419.012817
388.135254     416.998352
449.961426     421.313477
362.991913     418.112305
106.193993     418.953583
126.999237     418.102448
428.012695     420.012360
173.100021     420.990448
218.123108     422.066284
272.021057     422.022888
202.081802     423.948090
491.191467     425.141418
460.999786     425.012451
461.979095     429.007355
445.095306     432.991730
315.354736     433.142822
403.134705     429.957367
405.946442     433.072357
112.174866     432.176361
457.960571     432.979828
96.956490     435.888123
105.133347     439.111633
274.129364     440.132782
295.823700     440.810760
313.021118     439.965607
318.109283     441.926483
95.017975     442.038727
97.944519     443.961182
190.050827     442.069977
193.949936     446.576172
71.100731     447.186493
464.901123     446.148468
462.175293     447.079346
133.055649     447.107910
183.373611     449.847565
440.068359     447.150024
443.126007     451.088776
177.052597     449.014618
485.286285     451.916748
221.895798     456.080811
38.053478     455.012909
124.969986     454.206177
420.305542     456.092621
79.003990     453.922485
354.010376     456.462494
359.974548     455.165558
313.128296     458.923462
444.033722     457.005951
446.966156     461.050720
73.044662     458.027100
385.953735     458.033936
92.952919     463.007141
136.034393     459.036499
140.082367     460.978271
218.102417     458.939087
382.026245     461.017517
437.197632     461.318909
436.057648     466.984283
163.021042     464.039703
39.105495     464.932190
407.161133     462.984375
79.067535     463.986664
82.112877     467.940552
85.110107     464.274414
389.038147     467.045563
380.077576     466.166687
192.057465     469.955353
483.141724     473.110168
151.045624     474.031891
33.171577     474.964661
74.939095     474.136475
283.156097     476.017914
388.773926     479.062500
314.093201     478.997131
290.980530     481.084778
371.845581     482.834381
386.009583     482.149872
97.153519     483.182892
240.955109     484.134155
279.050873     483.078949
282.007507     486.977936
300.295990     490.027771
501.948364     487.250153
89.184708     488.840454
220.032974     491.213135
276.055450     487.056976
347.099060     491.295105
479.901428     492.250153
459.060303     495.931183
81.893867     498.171356
253.998032     498.086273
326.310669     500.268280
249.052094     499.043121
251.992554     500.982513
242.707474     502.005981
320.138184     500.982147
164.181671     502.334961
246.053635     506.971954
489.051788     501.910309
397.004852     503.056854
138.966583     506.998566
212.046539     506.995575
213.916733     513.975769
185.207169     508.001984
488.961639     510.995728
485.075562     508.069153
117.629501     511.956665
383.077820     511.294128
210.050629     510.975037
34.028790     514.322327
258.878418     514.490356
80.974205     513.032043
310.023590     513.013733
319.954620     514.065552
456.271637     514.010620
17.079683     515.024475
315.319946     516.877991
77.900589     518.369080
184.932892     525.125549
483.070160     525.986023
114.092407     528.956543
46.941807     526.191589
40.024319     528.036926
56.974255     529.075806
454.108368     529.018250
451.025391     534.993958
135.049026     528.979797
139.054733     531.041748
159.017838     531.014038
364.395935     533.899048
369.938599     533.971985
488.079987     537.206360
16.230932     534.997620
51.295372     537.727356
270.090790     535.970947
494.134125     536.004761
101.960182     537.068481
417.157074     538.926758
468.987671     539.052551
334.442230     543.098389
498.001953     542.040466
377.096924     543.057129
256.066437     544.018311
467.041840     543.036072
112.997421     545.130066
262.294220     547.162109
264.047424     553.998108
385.061646     545.936646
160.165924     555.988586
163.105713     545.752014
269.935150     546.974976
418.769928     553.093933
326.143585     557.284424
499.074951     557.099976
60.085999     558.067993
283.356293     559.139099
289.962494     559.148499
476.175659     560.028015
276.194336     561.940613
16.844721     564.102417
389.973480     563.040222
387.983765     565.964661
210.741791     569.210144
216.004181     572.264526
102.177101     569.987671
129.955856     572.007690
177.932129     572.186035
317.062744     572.950867
319.048126     576.980713
321.948822     577.942200
127.016350     573.016296
196.371689     575.905640
96.064667     576.374939
223.070557     575.050232
226.925339     576.991943
10.884254     577.902466
13.669367     583.307495
329.211243     577.032043
255.089432     580.036194
208.021408     580.966980
114.034508     580.992981
107.382584     587.119873
250.355896     583.906433
496.838623     585.920288
53.300125     586.259399
407.017212     586.007751
41.181164     588.858887
258.087128     589.236328
381.373718     591.103149
417.486847     590.814575
152.077835     594.080566
445.245117     595.291809
476.135620     593.271606
336.014130     593.118958
335.029755     598.957825
494.013977     594.030396
500.515961     598.197693
222.485001     597.126526
371.319061     596.007446
247.500504     599.967957
434.950470     596.153320
71.000786     597.067688
75.027222     597.981323
195.101791     601.013245
263.011017     599.023499
430.194702     597.909241
138.090225     601.022034
349.528259     603.998413
180.051788     601.980347
321.672668     603.651062
464.061523     602.144897
27.033224     602.078735
29.989992     604.063232
291.019592     604.027466
416.020691     604.113098
264.207184     608.383850
324.869476     613.382629
26.729795     616.950317
484.003693     614.052246
260.076050     612.991760
319.034454     614.046631
324.000122     619.921631
320.032959     617.983887
156.121094     617.420593
482.088226     620.002991
486.942932     621.846008
318.986084     624.072693
34.078064     625.031006
73.098724     626.404419
77.882614     627.056885
402.857269     628.333313
471.105255     633.106934
284.250000     635.254150
411.155548     636.000305
63.220299     636.041626
33.985813     637.094421
205.861191     637.226685
457.055878     637.162231
38.999790     636.973633
454.079651     639.115356
351.746948     639.899780
101.028336     640.164734
346.068726     638.998474
306.468536     643.049438
467.960968     640.989807
406.804230     644.298767
463.071716     642.938232
416.127533     643.982300
54.989079     644.087585
53.987103     648.973083
85.061920     646.147400
134.242233     646.988159
168.003571     645.139038
169.014801     649.957275
46.222286     650.782227
217.262161     657.275879
220.915115     663.903015
60.016724     657.047424
66.330643     659.260193
71.999504     659.011719
427.038239     657.079956
57.042324     660.999817
56.929508     666.132568
280.221832     660.998657
170.002670     666.026001
171.008789     670.959473
332.161438     665.997314
341.900635     666.175598
420.834869     668.309509
407.983643     670.013245
199.070801     670.963806
138.095917     672.888123
137.008408     678.024719
242.060287     671.160706
355.082611     674.039307
362.068115     676.427612
27.953848     675.162659
265.411438     677.044617
145.983047     675.042725
335.369843     677.052917
344.955658     677.055481
254.250580     679.336487
149.952011     679.142578
144.878174     681.579834
454.317383     682.347839
86.987923     684.008362
85.058212     689.010315
73.055214     684.155579
275.136749     684.098145
160.888138     688.102417
332.013519     688.013672
471.059479     687.987549
69.037399     687.957947
240.020218     689.166260
141.141190     693.012390
141.992599     697.929504
463.845581     695.117249
470.021515     695.068787
265.013062     695.208984
13.505617     699.097900
191.236389     696.190918
318.253418     707.734924
37.051498     701.981201
40.959854     701.049988
388.903137     703.135559
165.946732     706.055542
461.329651     707.128357
233.191422     707.894592
190.269180     712.863403
315.934845     718.083313
322.983826     718.952087
401.913086     709.879333
16.062927     710.028320
33.228645     711.012085
125.989365     711.017090
153.119370     711.892090
239.942352     710.077026
239.957092     712.974670
439.994263     711.208801
444.987915     712.092224
84.127365     712.957886
207.220276     713.863037
284.964478     713.977783
281.065247     715.948792
184.067673     717.266907
307.165680     717.062744
437.124878     719.302673
239.914124     721.030884
240.001328     725.999329
393.057861     720.073181
396.966431     721.058105
464.987000     722.039612
181.997742     726.527039
136.010513     725.080200
206.013199     726.033264
132.031784     725.038147
259.146240     729.152405
92.099541     730.293518
95.086586     734.833740
327.006531     731.087341
34.024822     731.962769
38.993748     730.978027
29.042952     732.056641
66.663910     735.059937
70.963348     739.178101
81.100250     733.988342
81.992783     739.133179
245.156723     733.975830
154.142868     737.855957
352.088959     736.085266
438.958008     735.059753
242.043060     736.927734
320.201080     740.373901
435.941254     738.927307
208.911575     742.063416
147.944672     743.023865
205.158035     746.845886
462.092773     745.052124
467.026184     746.969849
466.075043     750.915710
144.062912     744.973999
306.074066     747.195374
308.978027     752.129333
245.993958     749.400085
104.070854     749.126221
486.044952     752.064758
291.204773     753.062439
397.948273     755.069275
101.026611     756.202942
427.228424     756.077271
342.572845     760.031433
233.136642     759.174316
236.943069     763.040588
134.235825     761.069885
335.056671     761.982483
17.088020     764.067749
302.961578     763.062378
303.012207     767.990906
164.935974     766.982300
211.163712     769.005127
135.982483     772.408142
327.224152     771.101624
114.020630     771.996887
118.924805     772.010254
484.425201     778.300049
411.075745     772.033691
477.100342     776.143677
175.104340     774.206787
420.321808     777.722534
129.070251     777.973267
337.001404     778.004639
341.949677     779.024109
494.044250     778.100952
500.148071     779.992493
386.059723     780.114868
22.078096     782.050964
337.037750     783.046143
341.048035     786.960510
491.956329     783.077454
138.957169     784.077881
137.177902     787.985657
89.430573     787.927490
325.199890     792.783142
331.881989     792.997620
165.114670     791.039001
64.274055     794.796936
213.048080     793.038208
317.020630     794.914185
163.009750     795.000122
84.991219     803.039429
386.940186     804.098938
240.003357     806.252991
56.936157     807.090454
379.042511     805.993225
51.034908     809.441467
54.871609     813.957581
345.864929     809.207092
345.274384     814.753784
301.538910     815.971619
175.166626     815.987915
179.931442     817.019348
423.009003     816.013977
339.023468     816.082520
277.189484     818.923096
472.231659     822.771240
37.953163     821.063721
35.088619     824.989380
359.096893     821.007874
363.028046     823.978149
109.171616     822.906677
221.308762     825.083374
204.182648     827.846436
310.071320     824.044800
310.937561     828.019104
324.010803     828.004822
201.172379     838.024841
213.876114     827.182495
58.438278     831.065002
442.012238     830.011414
439.972015     834.976746
106.084061     833.123108
472.224670     837.182251
475.912170     833.419373
210.966431     837.948059
303.981720     835.134705
406.978271     834.257813
412.030762     837.971924
418.032501     838.054443
418.169006     843.065002
275.068481     842.973999
279.018372     843.918152
327.975403     843.061401
168.009949     845.981018
186.028152     846.038635
61.709476     848.133789
68.814827     853.451721
66.932533     847.216064
74.902122     851.131042
66.942741     862.137390
325.151031     848.047729
335.044739     848.088989
339.997925     851.997864
400.102203     848.966980
276.116425     850.044983
440.033966     849.098572
499.913788     851.209778
181.053452     851.167603
375.031219     854.522705
456.985748     853.103882
458.906586     859.893005
228.024216     856.035095
247.284164     857.290588
332.964630     857.292175
334.089935     865.059509
335.969208     870.312134
217.069092     862.465271
478.904846     863.591736
19.031193     862.079468
23.313627     865.826904
495.028870     863.069153
497.011627     866.998169
498.117859     872.212280
321.296844     866.932678
443.058350     864.973694
14.096731     866.088806
118.207268     868.202515
124.983002     873.996765
360.933014     867.072815
357.002350     869.938599
435.982361     867.103882
112.018944     869.991211
217.924286     872.042175
353.069824     870.068665
15.257532     873.010864
81.038696     875.020935
166.982300     875.027466
167.206665     881.144836
223.028305     879.128296
410.056549     876.996460
285.008667     877.102539
288.946533     878.019836
426.023529     884.201294
181.018494     881.479370
183.054932     886.947449
440.165833     881.148010
350.142120     881.950317
55.207447     884.992798
303.937012     886.166626
301.379303     886.780945
415.021973     885.293945
188.115875     886.016113
93.043121     891.235962
201.907120     890.001648
330.144501     889.138123
259.985199     889.161316
350.053223     891.176575
35.927029     892.093323
227.939697     893.358093
479.937927     892.978699
26.097210     895.208496
196.000946     895.165161
476.090546     895.996582
208.088242     897.973267
211.009827     903.073669
18.026815     904.395630
163.380585     905.838623
164.944534     910.847351
195.926086     905.090210
422.877808     906.880249
430.020874     905.040894
434.993927     908.007568
435.020325     913.005249
145.936920     907.118958
158.121521     908.270874
320.070740     906.020630
408.096313     907.179138
497.078247     908.039429
501.935608     908.000916
312.031952     908.987305
317.001251     910.012146
376.047729     915.069336
440.342773     914.242126
29.117514     917.033630
102.207909     915.919800
367.184418     919.084839
88.955902     922.155273
163.040436     922.070862
501.079346     923.033752
301.071259     925.045044
305.924225     926.816772
443.955688     927.036377
497.016693     925.013794
497.016571     928.977722
380.053680     927.086426
384.970032     929.972473
440.076843     926.007019
369.055176     929.002258
198.986282     930.064270
261.001831     930.299438
465.013916     930.108276
183.061844     930.004761
187.025467     931.092651
446.141388     933.045410
445.991547     937.003784
389.970306     936.079529
427.226135     935.060303
51.044975     935.015930
108.117111     936.197021
56.940796     936.931091
147.968460     936.091492
148.948914     939.922729
137.937805     938.345215
15.242651     941.062256
15.109542     944.854065
129.002823     944.023499
124.008141     946.099121
235.022064     944.469543
168.037369     947.108093
295.111511     947.191467
297.046967     955.957825
120.032043     947.998535
20.039093     949.005188
197.648285     955.831055
17.120178     954.006592
343.927307     954.158630
173.079086     958.096497
178.555267     960.973389
180.046722     968.953125
283.019592     959.199402
312.091522     961.011475
214.969009     964.207214
49.889912     962.210388
131.044220     964.080200
85.927467     968.982666
247.369614     966.004395
458.010376     967.000793
298.000671     967.088501
381.082642     969.092957
83.041801     969.913025
362.084290     976.373596
28.071865     974.483826
119.035606     973.993103
471.184845     975.017700
438.272217     976.844604
68.126579     978.282227
102.022942     978.249390
107.106659     979.926819
180.008591     981.955322
197.037949     979.050049
449.134583     979.038940
490.961243     978.007019
370.992645     979.153381
482.016693     978.058838
486.949402     980.950806
415.989899     981.026550
417.945862     984.008728
416.949493     989.096252
26.193302     985.952637
398.086304     985.180237
61.936710     985.204102
305.941986     985.954407
342.038361     986.199463
338.140991     986.985962
156.980637     993.971741
243.982315     988.048157
243.040009     992.002991
410.997192     989.001038
45.369335     994.156433
151.148834     990.234497
192.414642     993.013489
484.019135     989.975891
423.016937     991.099915
426.003448     994.939331
90.679924     996.321533
251.040771     994.087097
272.049988     997.009460
295.041809     999.038147
400.941589     999.050354
37.926918     1002.036011
226.983749     999.974915
389.005310     999.067139
74.849800     1002.314636
111.058685     1003.412903
396.026459     1001.019897
139.020111     1003.039795
320.210510     1002.987000
442.235229     1005.321106
489.067108     1004.199829
284.145508     1006.154358
166.039337     1007.092896
220.064651     1008.956848
227.017990     1007.994263
90.135735     1007.880127
356.954926     1009.068298
200.987305     1012.048584
353.093231     1014.078369
